========== elapsed time (insert) ==========
Inserted 1000 x 2 (2 Dactors) rows in 130814046 ns 
Throughput: 7644.439038297156 Op/s
Average latency: 102.735726 ms
Median latency: 107.285238 ms
========== single results =================
21566137
21926136
23013670
24540500
25143907
68479688
69198089
69153509
69520700
69424161
69837393
69981534
69906106
70289380
70166097
70436271
70870016
70760498
71254843
71307132
77196424
77753250
77719024
74471799
78039541
78919190
75419893
79352258
75615857
79228431
75988332
79471607
76108660
75885200
76327779
76437658
86085614
90053293
90319772
85628429
85740960
85866929
85829570
90432718
90727810
90521097
87234260
90905718
86233649
87422724
87397749
87420303
87627013
91271193
87720548
91465836
87645029
87669286
87144478
92325095
88036684
87354463
92177825
87386268
83697626
87625704
88419155
87709572
88510547
87802586
88062314
88023817
84406845
88235765
84462094
88212799
84563957
84606545
93394743
84796974
88633804
84839286
84866548
84907807
85026074
93897946
85086234
85143778
85140874
85242397
85245631
85407658
85349128
85387857
85418243
85898921
85523663
85549635
85879065
86086520
85983902
85799969
86086206
86112665
86138428
86169707
86109532
86121107
86147741
86362908
86379082
86396722
86392279
86493928
86473246
86595350
86923843
86660921
86782040
88176600
88363928
88429569
88484617
88070151
89715241
88137918
88159150
88188257
88110828
88222850
88202737
88180660
88197278
88216437
89373633
88307850
88279888
88298827
88310059
88326362
88295873
88315419
88287856
88398225
100070779
99474054
99522636
95945433
95957262
95945840
95953526
95968983
95435008
95443965
95447664
101542164
100330966
89939584
100164307
100505943
100581786
96823189
96853101
97186073
97154697
89979822
97127501
101223754
101215073
97343615
97350966
101193985
101433135
97732851
101518607
101298502
97993615
101660721
98061753
97876473
97908777
93502601
97190490
93596952
98216608
93677525
93696256
93713186
93730125
98703979
94085861
98727199
98712308
98718197
102547824
98250700
98264127
98270138
99017667
98334019
98343622
98425873
94777143
94793912
94809807
99677102
94948944
94964733
94981471
95020336
95162005
95178197
95228650
95245093
95262922
95398012
95419271
95437549
95453739
95850931
95735955
95750017
95767107
93441580
93409599
95903336
95919558
96307146
93695968
94318587
94926562
96268438
96282797
96297842
95040160
96375527
96389030
95321383
96616101
96630643
96646041
96659435
95574143
96729620
95643804
95651931
95665309
95678894
95693449
95702990
95716132
95681916
96320414
95847349
95812838
95830458
98175898
98181048
98194092
98216987
98231869
98007759
98020545
98032586
98045278
98057606
95843750
98127977
98127544
98127142
98141246
98152674
98161710
98167792
96258295
96271565
96265981
98347962
96328281
96337800
96347282
96353722
96355811
96362192
96372965
97155303
96435939
96397343
96402273
99456643
99466310
99407985
99370598
99380180
99626162
99444200
99450108
99733534
99750149
99567792
99853281
99862600
99870743
99742297
99928244
99935687
99943951
99952182
99429336
99545232
99545821
99552815
99560430
99567183
99114686
99112936
99119411
99122997
100267024
102776897
102857771
102878036
102890442
102899448
99699706
99709166
99708825
99712455
99722505
101893559
101902459
102097494
101964328
101972253
102032138
102040989
102047360
102054214
102058695
101595525
102118270
102124774
102127592
102133855
101808691
102193970
101868484
101874782
102301293
101931721
102347914
104339796
104302058
104397023
104357481
104364672
102245183
101194303
101199290
101205337
101212834
102860504
101269312
103473534
103478628
103486146
103486882
103489804
104973811
104969592
102919698
105021363
105026014
105028571
103072767
103079879
103084493
103623957
103625327
103629852
103234115
103233424
103743256
103289515
103292347
103296835
103902857
103913728
102550420
103962757
102597476
102622298
102622131
104128930
104129052
104131163
102758790
104182891
104184189
105008437
104225494
105055935
105056801
104300308
105098269
104344766
105134154
106645444
106639618
106635518
106634769
106638748
104517442
104515546
104702363
104556996
104551522
107317972
104490696
103754230
103754188
105760366
105753809
100918783
105796060
100957743
100955592
105886646
105883906
104932781
104932488
104929084
104917634
104914371
106099743
107175894
107171131
106187799
106185047
106182124
107297017
106223997
107335478
107324056
105368754
106048156
106034471
107483213
105497947
105493815
105493825
105491871
106242276
106233392
106223989
107778332
107775106
107771611
107763594
106241295
106409537
106277675
106270890
106257195
105622093
102553418
102546863
108085451
108099172
102634225
108136773
108133501
102713483
107566445
108205688
107603182
107598741
102855591
108319848
107656939
108345588
108335429
103006593
102998967
108403197
107843021
106890478
108474831
107562998
106957960
106949471
103263696
108066238
108054921
107009363
108030731
108019383
108007597
107614325
103960510
107196104
107688933
107227278
107219252
107441966
109122034
104505592
109154951
107910831
109183787
107941905
107944451
109266780
109259222
108620577
109953519
108757103
108863367
109620477
109613438
104559727
111470095
109722655
108989370
104665064
109798949
104691992
104681122
108761000
109898883
109898512
108832004
108819324
108807244
109350156
111481062
109378601
105758951
105740424
108977930
109466396
109454543
109442559
105870866
105857985
105846132
105320911
109211468
105343469
105332119
105318542
104256119
110614315
112044083
109813307
112067359
110702583
112089635
112076815
110757326
110743113
110007650
109996806
112192142
110832161
109780941
110085222
112279734
112267460
112255042
110171911
112278534
112259069
109996292
112279291
112265424
112252641
111268269
112272742
110417587
112292492
111336813
110470305
111352345
111278986
110522789
112433201
110540840
112448552
112431724
110504893
112449715
112435755
119696367
111510777
107758108
107494166
107470138
110844363
107486478
107461307
110889890
111707130
111691168
111674666
110963173
108105744
111737213
107682962
111751575
106152340
107737071
107721173
107704978
108301175
113144065
107763709
111970387
107777648
106343364
112016481
112000561
113266637
113251126
106446219
113267267
112105598
113281971
112119631
108714768
112133805
108120187
112856061
108131530
108843854
112255249
112238265
112218968
106889131
106872355
106861521
109061911
109039214
109019780
108485045
107232840
106973286
108519982
108501567
113952277
106992512
106971940
120594575
109237771
114030640
109215516
109185716
109154547
109622838
114069083
114041604
109619219
109589348
109558065
114042271
109541877
109511633
107835622
107779697
112891965
107758942
107726119
109550586
112908251
112875374
112840479
107755949
109570446
109970842
109452014
109569905
109390501
109365715
107461511
107432468
107401891
109628545
107386683
109416355
109384927
107384112
109655300
109529195
109497074
109465385
109434643
109442893
109411252
109376873
107467646
107436854
107405255
107307401
107273633
109789297
109534955
109501434
107285238
109477532
109482439
114232826
108478634
114722169
114689410
108507752
108473639
108435478
107376600
107343851
108427622
114740423
108409904
114711386
114675372
114639690
114604684
108444971
114484523
107435390
114463189
114431669
108468303
107446808
114425152
114384149
114359767
114328106
114304277
107500761
107464510
107433224
107399656
107367249
114291691
114261112
114230375
114147629
114114176
107400392
107367689
107336428
107301707
108995332
107280517
114296260
108980864
114182507
114148601
108970492
114126862
114095098
107338472
107301105
107266956
110216222
108750290
114118392
108904711
108865156
108828821
111213383
111259809
108771899
108735806
108840267
108713645
108678033
111246884
108655433
108620722
108586956
108458476
108355187
108320472
109236565
108595885
111382912
111346289
109235668
108340280
108304305
111360930
108281008
111366688
111345128
111310329
108281766
108249049
108211399
108174581
108140760
111409878
108073623
111385563
108049332
109418854
108026791
107992103
111383742
107964783
111360569
111313394
109446173
109463511
109425095
109385826
109350115
111219802
109458871
109332467
109296821
109439125
111498489
115099019
111460629
109253162
111435152
109452370
109235008
111416383
109208483
108143833
108107097
108067237
108443833
109076870
111515585
111477237
111439944
109246313
116725184
111423324
109547940
109509870
109470917
109434991
109396785
111539280
109396645
109359239
109321457
109284678
109246306
109209583
109103927
109067617
109027098
108988649
109632267
111625827
111589522
111550391
111512393
111475010
109463972
109427242
111670975
111477382
111438759
111398040
111355888
110318910
110275616
110231808
110192310
111713946
110115296
110082374
110040891
109999239
109961396
109922797
111729610
109892847
109852457
109814910
109775922
109737368
111729747
111690900
111653011
109721651
110295572
109256174
109218528
109182237
109142026
109101611
109723825
109685015
109647145
111687647
109092346
109053573
109015174
111665857
109660303
116489036
109559803
109472243
110729200
109020368
110618464
109693258
109585935
109003058
110595993
109561674
109487692
109448894
109532949
109493613
110586450
109461679
109424760
109388189
110569244
110528281
109359573
110494363
109327175
109287386
109074391
109254618
109215188
109513825
109054276
109145199
109489563
109447981
109037374
109415019
109131740
109380801
109012907
108973489
110559117
110514627
110471846
110430089
110390938
109142295
109102831
109060968
109020750
109304801
109416796
109838672
109382523
109342430
109304438
116381032
109269653
109184213
110427437
110387020
110346062
109160973
109119282
109078315
110121211
109276755
110334710
110294125
110253091
110211997
110171657
110130631
110021379
109980743
109940219
109896436
109856213
109816297
109777438
109737771
109694446
109607981
109567986
109527546
109488568
109448408
109406671
109684993
109370687
109330905
109287198
109246373
109242577
112891582
