========== elapsed time (insert) ==========
Inserted 1000 x 2 (2 Dactors) rows in 122778340 ns 
Throughput: 8144.759083727634 Op/s
Average latency: 98.394679 ms
Median latency: 106.304015 ms
========== single results =================
18334570
24483301
25125599
25632751
26205992
27879959
27394758
27372743
30770457
31771694
31328746
32040785
32126501
31502212
31601608
32321998
31747213
31818409
32221233
32425958
32595529
32655634
33086519
33792397
35879989
37223190
40814680
41016810
41093115
41919729
41979365
41331403
41387446
41439766
41493479
41587234
41685711
41745547
41799636
41875353
42779827
43785787
43089880
43144412
43197385
44808672
44896428
44953145
45006309
45059489
45113429
45185670
45263384
46371543
46425434
45448414
45504742
45564371
45616052
45667132
46994684
45852448
45904652
45958025
46010412
47990337
48123659
48211764
49405619
49458199
51048779
51266228
53157187
54756473
53824397
55122576
54146006
54214305
54274251
55451079
75633545
75908759
76016049
76081435
77375190
76761827
76412577
76475046
76531837
76587054
76696774
76799531
76859561
76918556
76973944
77034383
78418763
77226001
77214468
77285006
77356851
78875831
77475947
77530197
77583892
77640308
77697364
77751639
77804690
77859808
77916212
77971748
78025033
78078777
78131105
78190770
79835328
80112162
80304975
80376418
80433880
80537769
80626502
80703787
80742882
80790814
80848280
80903630
80961845
81028125
81083889
81140982
81197529
81253045
81304029
81454723
81542625
81614562
81675193
81726336
81782206
82034424
85202102
85367465
85429231
85485553
85546782
85640743
85698396
85754751
85810463
85883802
86071832
86008430
86065311
86141316
86187107
86243747
86299104
86353981
86408021
86465605
86520856
86561813
86637134
86677757
86733951
86786391
86840072
86895035
86950075
87034898
87099950
87156246
87211954
87265940
87323489
87378616
87432511
87486162
87540882
87599803
87663140
87704181
87763566
87818798
87923670
87982147
88039311
88093256
88147388
88224651
88303415
88353881
88408832
88462124
88527042
88581730
88636081
88690030
88743361
88804967
88870782
88926087
88981796
89035341
89116613
89178542
89235439
89290113
89343949
89404972
89467233
89522184
89576751
89630773
89687538
89741507
89794647
89849492
89903335
89956469
90006071
90048772
90093634
90127220
90154509
90198488
90244579
90289886
90334716
90380278
90425007
90469349
90512713
90556892
90651213
90704761
90751168
90795268
90840276
90887150
90931778
90977183
91021801
91065948
91108454
91321465
91194336
91228893
92208878
94556499
94732783
94783173
94828992
94866060
94991379
94969444
95012056
95048217
95081572
95128393
95171551
95329653
95260664
95303185
95349700
95384905
95440433
95474407
95516944
95554715
95610372
95780650
95691846
95731872
95775443
95816435
95857023
95903873
95937247
95979810
96021165
96089091
96110211
96149902
96199615
96240654
96281526
96321861
96362304
96405993
96439559
96494351
100888022
101126256
101265916
101315438
101356805
101399738
101439966
101489289
101532881
101636855
101685249
101728511
101777168
101818758
101851712
101891277
101929424
101966059
102018898
102051290
102091398
102129460
102170497
102209946
102249224
102288543
102327593
102368864
102407051
102445771
102483904
102514549
102541503
102910786
102806902
102848731
102887345
102931917
102971883
103010244
103047159
103085735
103127336
103165792
103204593
103242081
103279606
103321714
103359431
103397345
103441259
103479197
103586219
103628737
101656876
101675896
101711520
101756040
101795831
101833201
101870735
101907008
101947585
101985559
102016781
102053122
104369413
102157419
102174193
102208189
102243930
102279458
102318053
102347465
102383896
102440698
102462373
102492998
102529292
102586632
102606523
102640714
102676973
102704451
102753800
102782204
102817513
102861052
102898482
102930043
102979363
103007150
103045000
103079595
103113640
103151766
103191071
103226809
103263381
103282808
106321219
106635681
103393295
103420234
103464796
103489690
103513606
103560941
103585113
103609898
103641358
103672878
107696583
103517015
103534333
103563982
103857983
104228442
106538122
103714646
103738530
106673744
103853560
103848782
103872049
103902186
103932896
103965510
103996051
104026231
104057038
104080162
104113165
104143660
104173940
104203036
104216604
104249378
104280348
104310095
104424967
104377511
104409998
104441304
104471841
104499873
104707921
104568357
104597583
104626371
104654657
104719625
104760546
104790261
104819024
104849271
104878458
104909394
104937895
104957975
104984637
104982977
105035307
105048382
105076085
105097810
105307075
105149658
105170166
105197436
105220861
105247776
105277374
105304973
105332680
105359779
106142778
105424618
105453039
105480680
105507422
105534261
105563083
105732296
105622863
105637344
105658988
105686108
105712404
105738801
105765026
105791443
105819646
105846474
105872766
105898690
105924984
105948723
105975047
106619980
106016620
106041993
107086721
106102157
106128016
106144956
106167194
106193678
106198715
106222992
106238699
106259122
106280218
106304015
106328638
106353893
106378419
106417325
106447167
106473332
106492120
106529715
106554352
106917168
106618698
106643394
106668017
106696629
106716711
106776405
106794991
106821912
106851124
106876590
107184992
107447985
106942566
106968689
107806104
107023304
107040424
107063589
107088967
107105105
107128481
107152544
107175538
107200510
107218597
107242577
107265730
107288879
107313923
107338162
107361045
107384901
107407926
107433187
107456896
107479693
107503095
107525884
107550793
107579848
107602452
107625116
107647997
107673102
107695862
107717882
107739378
107762257
107788012
107810665
107833115
107854801
107869761
107893614
107915585
107937521
107958605
107974375
108000255
108020082
108041951
108047088
108068665
113479922
108781735
108128722
108142437
108163574
108187013
108208473
108230041
108251153
108620245
108746534
108321705
108342439
108363798
108385017
108407552
108427997
108448656
108463169
108496372
108512358
108520397
108575724
108591362
108611789
108634222
108655460
108675486
108937747
108714795
108737003
108757518
108777027
108796462
108815858
108838218
108952644
108883164
108902104
108921648
108943168
108962887
108983174
109197490
109027074
109047884
109067355
109085646
109098007
109113850
109134068
109152247
109864033
109183815
109279100
109304550
109324137
109342709
109361090
109380405
109401382
109420180
109438657
109456563
109474205
109494073
109634475
109536151
109554755
109670757
109597183
109609360
109626635
109644610
109662353
109681283
109698844
109715465
109732330
109749875
109769573
109787812
109804737
109821431
110347120
109863197
109880996
109899329
109915865
109925695
109943683
109960120
110353363
109999305
110016513
110275280
110056915
110072974
110664591
110106490
110106755
110146706
110144854
110160377
110175428
110194060
110236953
110292683
110308340
110323050
110340398
110356000
110371155
110393140
110407290
110423847
110438000
110451864
110465989
110480192
112869878
110513197
110521126
110539630
110548097
110574255
110582416
110595608
110614061
110641748
110658537
110664804
110673340
110681791
110689376
110700016
110708626
110716605
110724140
110732103
110741743
110749991
110757947
110765544
110772914
110782250
110790687
110798138
110805885
110813487
110822983
110830916
110832198
110838379
110845483
110854417
110861689
110868325
110874111
110875117
110882367
110890181
110897217
110904489
110911141
110920095
110927304
110934328
111168239
110941452
112366957
111037146
111474831
111600989
111007254
111016145
111016895
111035348
111036044
111042125
111038848
111400912
111057402
111063399
111068625
111076789
111083480
111089210
111095580
111101273
111109036
111115444
111121311
111127010
111132696
111140543
111141440
111250072
111159055
111164900
111172165
111177951
111183060
111188573
111193676
111200537
111206665
111212375
111218562
111223549
111230248
111235333
111240151
111244981
111250038
111256329
111262139
111266914
111271286
112561314
111276048
111685748
111285742
111289994
111558039
111307221
111312885
111138309
111136875
111141231
111149272
111153428
111156744
111160887
111165273
111172305
111177443
111182085
111186409
111190611
111196812
111201576
111206158
111209400
111212465
111218939
111223467
111227961
111231701
111230318
111235954
111257458
111249529
111253081
111256731
111261762
111796880
111269700
113327422
111283332
111283628
111288187
111296277
111300116
111303717
111309436
111313486
111317180
111314057
111283105
111286963
111291605
111296659
111300852
111305106
112573918
111316180
111320737
111325432
111329462
111430487
111344996
111348980
111344609
111361494
111367277
111367016
111371700
111376045
111380563
111386297
111390714
111394831
111398864
111402583
111408035
111412666
111416756
111644021
111424034
111429288
111447006
111441549
111444805
111448224
112119958
111458306
111461923
111464788
111463316
111477248
111476170
111479432
111482602
111486180
111491205
111495391
111498680
111501831
111504907
111509466
111512662
111515735
111518546
111521293
111525810
111529306
111532583
111535368
111536801
111540782
111539571
111551140
111549197
111551404
111555989
111558738
111560882
111563529
111562758
111576774
111575659
111579810
111582183
111585216
111588304
111595439
111598110
111600748
111603236
111607876
111611072
111608956
111611177
111613217
111617709
111619678
111621799
111623985
111626003
111629663
111631691
111632672
112560928
111639466
111642849
111644457
111640593
111636760
111647529
111646411
111647823
111648963
112198941
111656312
111659387
111661090
111662423
111663696
112268423
112658424
111674431
111673904
111675078
111675590
111678739
111679405
111680520
111676544
111677743
111680289
111681012
111681646
111682953
111880202
111691397
111692448
111688994
111699021
111695562
111698216
111699318
111700195
111700868
111695846
111708222
111695382
111704793
111714386
111706301
111708339
111814201
111712450
112199498
113153557
112333309
111880504
113164699
111957928
