========== elapsed time (insert) ==========
Inserted 1000 x 2 (2 Dactors) rows in 111816105 ns 
Throughput: 8943.255535506267 Op/s
Average latency: 91.689768 ms
Median latency: 94.893295 ms
========== single results =================
12334109
14061471
45321990
44425402
44936267
47334408
45217741
48358629
48858519
48795025
49191200
41833188
65770844
64995756
66041117
66351777
66249824
66345148
66627000
59331544
67195704
59716283
66797497
67576596
68884229
67164956
67257534
67302445
60072487
67961738
64598248
66315078
76179446
74853272
75036038
68042150
75663468
68250678
67836846
71953593
72051184
72143354
76575250
69091655
72285767
78215814
76953004
72619174
78602722
77967556
70073785
77630630
79473751
70958581
79819769
73641218
73645850
71091329
73672392
71371468
78894082
71530424
78901829
78904462
71694885
78638978
78660272
71829723
71841549
78777341
76434895
78986864
71732234
74545436
80655948
79331155
74669226
81196788
76840741
72390518
76188199
71964273
79556779
80500970
80158042
73043256
82097518
80386263
73211997
80189846
73296249
80924300
73363349
80325954
80534203
82226355
73480191
81108696
81149428
81167506
73679468
77383175
80703111
73784095
77438949
73355615
82814315
81104143
83094256
74332273
81158383
81910572
82094953
73833365
83547629
82095301
77241611
74791079
74451508
83975314
82517643
82517974
82523127
82525484
82381392
82381122
84248382
75432181
78424827
82931982
75588975
82470769
84676572
82463796
84456902
82735662
83307399
83777270
76032636
83886851
85084647
79622236
76418861
79679713
75677871
83508586
80112523
85301841
76457107
83770579
76938568
80199226
86046400
80267329
76909181
79919445
80393897
80399040
86194808
84313873
84317828
77556123
77757671
77615904
86620885
77895027
85525689
77811973
82387152
81675060
77445746
85165166
82697287
81992190
87184035
77823215
82114311
87360005
82230825
78558904
82216447
87822147
87685077
78260330
78382469
82675514
79003931
79117939
87987048
82791347
82715495
78709369
82851188
79376511
78854309
82969606
87146051
79117718
88537438
83105067
83110988
83113801
83340432
79938681
83239992
83237770
88953841
83287403
80189557
83348130
83354048
89196604
83426145
83431309
89325699
80566748
84250343
83618275
83623054
83630251
83630582
83634537
84349471
81117214
84354885
88439156
81600254
88492766
90492786
88556296
90502332
81657808
81133942
81839249
90758373
81405270
85617216
81854165
90715061
84666094
84667097
90834904
85858025
85790396
85794793
91343664
85858559
85860280
91829797
82683114
85981095
85980128
82914414
82434108
82454574
86570018
86575617
86277194
92072171
92197565
86765241
86462255
86831951
86823698
86566585
83619372
86601240
86592531
87260991
86624975
86614379
91758190
91787931
93207820
93183756
91878277
92116747
91912071
84411486
91939900
91925609
91911193
92343315
92243810
84650987
91884143
91863669
84954386
92566915
93764462
85029517
91980840
87890438
93662871
87920341
85091065
92132207
92108564
92093031
89786036
88121127
88105686
84834345
94300581
90029931
85480213
90034293
85019143
85588039
89363185
93388122
94575250
94796352
89472619
93287758
94768823
89620594
85680521
85977182
85469418
88434125
89698398
94622470
85619257
86206499
85660207
89758372
88669939
94807848
88697979
89945958
85921737
95411487
86546760
86331936
90092456
90054763
89915417
91449758
89046114
91492900
90281097
90268300
90253739
95394219
95875399
89272463
90445158
87103363
90466983
90377233
90344416
87288498
95695037
89531378
96231879
90657633
90639557
87466571
95804473
89706844
90681074
90926517
90708958
90692725
96568384
95903106
90756045
95821181
91036833
96804962
91058694
91046334
91296807
90973292
88125370
88124828
91192131
97065197
97062782
91250518
88380763
88366410
91649658
91616817
91303706
90687453
97466728
91665497
91521729
91504060
91719115
97567178
91548178
97685947
88902736
91622525
88913793
88827165
91674383
97820455
91691160
89404009
92424639
97952191
89072679
94099147
91901514
98049299
92386285
92368618
91536045
89576268
92432344
98459347
92457270
92474831
92472316
89757478
98592210
91806719
89304199
91814295
92620501
89951813
92731589
92704923
98852003
94163725
90206528
99062529
90150316
94279105
90674267
93308969
94368623
93319187
93394091
93334506
90723357
93721628
93471034
99301620
94610702
93260570
93552139
93273497
93562008
93241976
93465794
92928013
99640518
93541102
99683715
99640688
93607589
93618313
99755898
91044250
91088398
99877605
93750278
93745245
93724440
90700652
94093308
91048439
91404538
100240975
90819771
93630361
93293845
90820731
91611792
94325759
100638730
94330449
93379656
100361481
94372608
100414946
94242054
95603750
94314290
100489408
91190799
91895806
94385008
94893295
100636588
93746508
91401871
91398364
95058467
91943885
101174116
101291008
94931929
95165418
94996473
101123550
95002009
101317197
95005635
92581656
92551002
101678217
91810833
101295199
95369885
96139751
101516057
95216634
101387783
95213730
101583979
95460666
92923262
95566295
101492132
92634746
95548836
101726782
95506790
101681285
95507605
93138712
101634547
101680108
95575297
101562045
93245963
95606004
95828114
95793971
101964148
97150721
95792132
101772814
92938212
95832249
93541971
93524789
102185670
95856605
95957738
93456152
95919495
93754227
96055417
96034860
96010201
102482500
96375658
102377050
94078863
96452827
96224482
93772292
93831082
93806322
96307734
93832536
93818763
93812096
96255365
96214622
93822911
93816154
96258535
93838851
93828862
93823015
93815293
96236996
93836840
94334143
96839317
94358185
94348893
94335672
96788487
97243422
94378619
96612331
96838061
94430754
95074662
97375029
97351268
94266356
94432889
97390939
94249526
96809706
94270164
94259857
97145277
94760041
94750466
94738698
95237322
97231881
95182337
97693033
95200516
97692468
95219566
95203886
94933491
95219925
97651052
94696414
97641371
97346094
95279020
95269212
97692018
95252875
97644465
94890289
97684155
97523857
94902878
95415498
95405139
97827164
95057752
95450287
97668434
97653285
95098321
98100692
95559789
95632407
95167726
99361923
96705990
105528984
105497453
99365207
98200600
95764134
105549122
99418775
105440671
95760560
96928451
99474221
99346570
105507583
95854368
95841842
98212607
105551761
95661167
99467252
96205135
95698935
98681748
95708329
98365762
96291802
95738587
95713649
96258409
95714368
106108232
98489791
95749108
99978468
106146783
99968911
106141087
96721389
106345637
100218457
97674899
100212678
99111004
96499769
106431976
99122275
96528814
96512997
106137735
96971089
97116815
100212198
97003982
100183999
99461571
107407838
96825483
97923270
106549570
98002422
96923333
96857405
106541887
96357017
99475592
98125183
96887300
100487309
99473013
99192617
96856892
99457493
97254476
96857760
97173129
99708779
99239826
99480102
96487514
97202810
99226905
106983748
97205405
100867407
100821108
102126702
107577962
99269727
100625874
99239567
96691900
100612693
98082133
99242493
98066058
100553250
100827528
98517610
99260672
100812216
100771862
98515593
97431356
100070223
97362328
100059713
97440078
100006597
97424575
97383520
100060730
100856554
99956091
97346618
97317883
97290530
99938637
97269200
98516895
98412830
107363066
100921267
101248671
107225627
98431840
98899405
101243397
101006923
98449998
97584087
98433401
97567530
98412159
100258820
100849455
97573196
97718017
100320374
100278792
97711322
100227397
97695532
101106376
98611237
97533985
98587688
98556896
100979910
97527672
107754655
101457718
99145530
101424929
101381373
97743718
97714102
97574473
100354434
97556954
97705133
100396134
107877673
101065892
98692004
98662655
98635660
101042062
98745079
101487517
99074856
98970297
101457964
101414932
97802435
97771631
101224533
100509873
97763828
98821607
97742476
97747839
97717103
100508209
100450441
100407636
98852546
99094078
99063161
99026955
98993944
101398927
100603788
97829873
100555361
100512065
100415714
101371329
99023544
99037868
101419775
99011936
98983421
98951857
100890474
101396986
98269267
98947659
98327930
98926256
98263730
99035583
101352264
99012746
98930768
100938174
98213446
98182998
100911172
98299086
101439865
99044513
99013540
100703094
100660494
100618252
100956889
102168084
99308629
100661297
100773025
99223123
99189977
101599516
99167825
99144469
99089865
101525605
101562698
99137416
99105538
99008072
99099372
101552907
99006247
98974655
101575224
98985986
98955230
98417014
101170731
101559422
98955743
103739051
98932805
101549800
98908421
101506683
98884676
98470833
101476346
98459408
101246308
101817020
101194324
99401939
98884069
101489541
99386101
101180538
98872735
98840424
99305653
101835136
98683057
101170253
101129665
99306341
102819465
99331774
99287670
99254833
101853324
101129632
99327517
101887871
103995117
98914026
99268764
99238461
101858345
99213047
101634158
101819652
101774191
99377463
98929065
98895491
99355616
101627275
99235036
101762814
99168314
99093597
101970169
99361113
98916318
99333828
98888423
101941510
101645454
101903612
98875465
101788217
98844412
99123248
99350558
99315981
101885962
99287585
99241670
99259777
99335151
99230042
101870374
99195284
99154689
101836716
99143093
99121030
99115140
99092820
101849527
101815840
99029522
99074607
99110223
99075487
101829196
99047255
101765481
99017636
101717592
101805350
101743186
101681595
101632879
101708550
101657560
101612997
101567590
101610848
101870758
101570746
99505187
104182635
99112901
101830759
101783818
101732409
101687079
101642708
101152685
109613602
