========== elapsed time (insert) ==========
Inserted 1000 x 2 (2 Dactors) rows in 145476029 ns 
Throughput: 6873.984716753575 Op/s
Average latency: 110.535336 ms
Median latency: 113.488409 ms
========== single results =================
16444123
24981630
25612972
26191153
26674280
27313166
27720976
28213045
28590206
28981597
31342915
32131904
32626259
33093863
33534769
33406129
34462020
35494469
35352057
36165878
36637287
37238836
39652466
40170582
40313621
54888127
54903386
55931497
55208585
56219065
56633668
56492708
56908352
58627483
57691229
58103903
80073966
83735157
83751287
83805652
83902940
83999720
84052912
84102165
83944623
85674424
85856084
85899990
85920708
86144682
86061112
86151934
86207167
86255597
88388474
86369660
86395239
86445047
86454381
86484713
86567350
86611802
88866141
86709199
86757143
86813113
86856976
86859605
86922831
86978270
87027447
87073926
87109949
87179465
87214317
87262607
87297426
87343842
87379024
87428114
87459039
87511028
87547073
87603187
87637425
87947665
87834788
87881808
87930474
87977325
88022635
87904396
87939290
91544296
91471020
90563178
88943788
89609282
90765624
92078745
89781978
91045777
92030386
92076184
91214694
91859370
91332576
91383986
91354111
89699696
90370725
89808831
91011886
91012369
90402013
91155751
90093459
91215347
90603452
91307541
91354118
93371180
90835463
91298021
91412850
93556636
91499457
91747442
93877294
92782945
93610075
91554174
93745282
93228315
92108663
92698554
92085562
93571413
94579761
93601590
93651881
96576433
95956974
95885084
96148193
93184339
93236605
93288659
93340200
93390612
94378885
93514089
93564563
93588528
93831865
93708147
93760049
95742869
95785244
95826080
97211022
95943376
95991474
96037623
95905180
94330516
94380269
96064066
96085919
94549899
96214508
94683455
94735457
96392214
96441947
96499613
96397260
96122360
95381114
98351256
96634963
96685194
96734995
96343443
96846615
95550081
95584676
95632557
95681971
95726740
95787439
95838696
95888538
95926126
95976019
97529418
97575839
97624955
96250128
97736537
96329468
96379599
96430219
96583996
96645968
96703085
96754567
96806086
96856007
98473341
96976549
97028222
98656864
97141661
98768973
98824362
97327329
97377141
98992337
99040252
97556087
97606613
97633151
99282146
97751579
99385757
99433445
99477081
97991292
99569061
99667537
99727731
98288365
98337781
98388009
98440555
98490191
100090285
100123526
100172301
100223867
100274225
100323421
100372855
100421865
100473852
100523250
100572022
100621754
100670007
100722144
100772450
100821525
100871693
100920643
99988293
100341863
99790492
99810504
101222715
101275818
101325945
101374229
101411520
100166721
101524350
101573622
102075048
101681934
101730567
100524653
100573233
100623138
100671391
100721157
102089680
102138186
102187444
102231976
102278994
101076165
102389879
102439911
102488523
102537401
102587498
101431442
101472462
102761445
102797176
102857588
102908187
102955429
102999464
101903111
103108761
103002321
103041395
103089228
102196464
103200903
103249646
103297523
103342571
103391125
102520828
102566289
102612533
102659684
102707496
103740312
103787622
103835643
103882759
103929612
103058131
103107255
104097011
104577059
104205050
104239923
104285825
103455943
103811222
104452586
104502208
104550454
104589744
104637482
103853289
104745645
104793700
104840919
104871155
104917433
104962518
105008918
105055704
105103118
105150006
105199389
105246233
105293098
105340140
105387176
104798260
104843937
104891773
104939779
104981579
105734745
105782380
105206893
105277915
105327463
105377855
106153085
106201033
106235806
106307551
106344683
106392673
106439467
106486518
106533056
106582851
106629704
106676428
106713677
106758813
106806411
106853269
106899936
106946703
106993208
107041036
107087278
108390530
107151446
107196622
107244224
107292237
107339205
107386847
107433489
107482118
107528342
107568329
107614812
107661807
107709977
107726147
107770982
107814137
107860718
107910657
107957739
108004391
108051470
108098399
108146145
108201122
108619179
108307728
108355274
108404137
108445615
108490638
108535506
108581705
108632368
108670657
108715791
108760798
108805584
108853732
108893707
108939600
109539092
109032999
109086171
109132408
109177639
109222922
109439779
109478784
109385404
109581666
109487861
109682886
109730376
109775302
109707500
109741875
109918907
110210704
110012123
110080175
110113892
110096917
110120341
110166166
110211141
110256482
110444642
110361211
110572917
110608096
110653947
110602939
110758334
110707831
110742073
111043083
110836544
110884294
111091601
111136530
111044130
111090253
111295909
111197105
111215149
111256771
111514402
111355585
111401819
111683661
111730610
111776277
111629848
111881876
111735045
111780530
112041264
111884657
111930719
111975765
112256397
114986510
112135756
112467331
112521377
114992267
112625151
112674288
112538095
112776405
112644345
112856849
112903489
112788985
112831657
112877088
112922721
113167898
113026195
113065784
113111278
113156336
113439993
113485455
113531450
113576493
113623381
113488409
113534248
113579752
113624887
113680420
113968714
114059821
114107513
114152410
116800962
114071782
114117862
114163783
114232323
114284305
114584313
114626663
114655725
114691463
114731841
114601357
114626768
114667927
114709501
114751347
115039462
115081255
115118315
114953205
115213243
115257507
115300725
115355123
115406647
115448663
115492683
115393297
115434492
115475916
115691258
115572073
115787518
115829373
115871470
115912358
115826073
115862697
115903619
115944977
115986797
116219072
116251242
116285652
116327266
116376207
116117549
116147230
116177622
116575176
116616893
116668774
116711628
116753550
116795271
116830897
116874247
116915474
116956883
116998118
116844261
116876059
116916608
116956872
116987728
117049825
117081529
117122218
117162804
117203581
117326022
117368120
117349412
117460778
117501848
117478443
117520622
117647191
117613023
117739485
117781708
117760204
117801761
117926890
117894751
118019411
117989378
118110210
118082782
118201927
118242639
118227990
118335575
118376419
118372311
118469475
118513002
118554021
118570253
118610636
118651298
118751174
118792274
120046237
118997194
118946872
118991164
119080747
119084283
119124922
119222611
119218187
119258143
119298341
119418460
119388967
119431296
119562642
119522445
119562750
119608107
119639576
119701615
119865390
119781108
119825211
119854822
119895768
120120635
120161482
120040970
120253369
120294916
120335503
120238011
120425793
120329553
120369791
120568494
120460419
120501048
120712818
120752930
120964328
120843322
120884197
120801056
120841320
120881786
120921905
120961331
121181143
121055978
121095830
123532275
121185987
121228310
121267281
121308909
121348548
121388589
121724339
121480091
121520640
121561536
121590519
121652842
121677267
121717464
121757718
121798345
121840681
121881044
121908874
122332334
121986884
122048671
123803622
122512056
122544730
122215325
122634414
122307842
122337403
122776784
122816008
122857442
122896653
122935743
122643152
123084292
123127408
123166174
123206416
123618593
123046321
123092633
123131226
123169375
123207966
125098659
123662723
123701147
123739875
123777374
123525762
123565663
123949187
123651752
124034440
124073072
124112697
123859272
123897848
124263002
123982882
124371044
124410815
124130439
124168103
124544553
126353514
124616078
124342575
126560756
124427885
124468177
124517408
124555403
124593182
125001286
125040719
124727215
125126076
124812820
124849819
124868571
125308839
125347841
125013173
125049846
125087850
125126354
125163593
125200922
125238073
125722810
125749584
125786771
125889243
125929149
125555732
125995988
126031562
126068239
126104732
126143512
125829386
125865991
125903355
126363919
126402979
126440107
126476847
126513334
126216969
126255158
126275579
126312340
126348816
126795157
126833624
126870663
127111508
126953999
126879098
126684653
126724198
126761530
126798038
127234214
127316775
127353573
127726913
127437626
127114964
127523708
127560637
127248229
127284678
127691387
127397857
127435125
127851935
127887775
127924230
127963280
127651053
128046982
127721621
127757431
128199230
128730303
127910635
128474720
128375920
129008561
128439569
128475329
128511643
128089553
128110739
128148158
128186247
128224288
128805285
128310265
128890059
128395426
128932902
128968739
129037405
129074772
129110980
128699506
128727753
129394667
129259364
129295515
128898280
129377456
129046410
129508249
129544551
129581453
131702374
129263209
129301172
129339810
129377706
129840820
129530000
129992038
129614826
129652619
130120384
130080891
130205318
130242096
129878363
129948211
130404459
130034581
130727191
130135612
130173071
130212578
130679516
130713704
130342901
130447534
130485911
130524451
130562239
131050646
130647970
130689898
130727531
130764883
131328850
131365417
131272219
131269590
131306541
131674355
131389808
131428671
131466899
131536372
131565346
131602157
131642380
131681420
131718277
131755729
131793131
131832680
131893990
131931505
131959994
131997103
132035667
132073431
132110917
132148442
132186750
132245480
132342666
132385765
132524661
132469251
132509298
132546904
132586514
132624646
132687052
133587833
132765294
132801523
132838945
132864008
132903001
132937133
132975267
133046104
133083181
133121696
133159304
133196697
133236107
133273669
133312198
133349625
133431907
133706612
133515808
133545410
133601451
135026459
133669048
133701798
133746938
133848601
133886393
133925418
133963049
134002201
134039866
134077716
134116322
134175962
134215105
134253257
135299047
134660714
134727572
134766610
134796192
135832501
134930035
134966475
134994223
135030291
135072000
135101168
135138675
135827279
135237078
135274747
135312468
135349797
135388994
135427503
135464680
135502165
135540234
135628151
135661237
135698568
135736226
135774088
135813086
135850673
135887823
135964901
136002435
136041085
136078635
136115816
136151904
136188992
136481929
137494969
136669424
136613420
136594743
