========== elapsed time (insert) ==========
Inserted 1000 x 2 (2 Dactors) rows in 124728202 ns 
Throughput: 8017.43297798841 Op/s
Average latency: 107.342488 ms
Median latency: 111.152212 ms
========== single results =================
13150859
18118260
18764782
19250904
42039966
42351543
41116011
42196787
42195247
80419014
77896468
79563701
79662457
79638566
78357217
79919380
78653254
80062724
79972247
78712986
80183740
85570518
85737885
85820776
95622259
95651166
95798011
95819441
95856043
96211326
96178022
96148602
96359859
96243998
96427014
96397588
96249721
96209552
95351809
95317654
95294888
95262839
94142154
94130874
93896699
95738516
93913777
93842674
93682490
93598820
93524390
93450752
93315773
93303235
93233537
93142133
93045754
92895959
97397399
96554227
93012939
93006209
92998924
92990317
92911819
92753496
92739187
92730100
96905233
92761452
92754554
93191198
92797672
97070717
92841949
92836050
92828538
92828753
92825319
92832402
97345177
92875869
96340809
96306416
92967324
96100823
93008377
93001837
96057461
96045461
95966449
95805821
95718118
95704220
95690801
95676813
95354181
93370997
95379933
95372254
95275971
95252932
95175477
95086074
95080818
97545621
95118991
95108142
95082000
94925235
94916000
94904672
94890315
94870361
95422839
94910351
94902213
94893535
94888217
94884566
94887273
94880196
94872703
98265092
94912758
98291724
94953027
94842900
94836330
96035600
94856321
94869387
98255541
98238460
98224481
98207323
98043858
97892440
97419796
97677862
97673463
102460380
97646748
97631105
95429286
97440950
95444766
95455533
97379096
97354217
97332207
99199108
97364843
97352601
97342110
97320853
97300268
97278630
95838142
95862027
97331236
95897018
95966609
97415538
96012586
97445454
97429665
97407342
97394862
97387215
98715216
97419660
96506897
97452594
96377475
96443766
97529105
97519608
97511226
97503155
97492542
97426700
97415568
97404397
97402743
96686974
96648844
96646347
96668981
96686935
96711267
97657459
97538126
97419149
97300838
97105756
104425382
104272892
104251973
105039096
104586592
104639760
104652823
104537792
104501765
104426938
104806138
97604903
104733159
104696705
104621977
104999283
105023903
105031785
104675291
102231445
103597778
99074528
102578792
102547831
102582597
102565793
102424149
103998801
102448645
102429219
102347307
98354978
98307864
102613707
99561772
99581810
102721025
102640949
103360121
102851865
98779073
103312597
102898233
99860184
98856958
98853631
103027118
99997367
98891495
98888578
103752444
98922759
98915124
98821315
103878008
103369705
100337609
103409213
100392028
100423699
103523313
104135300
103537501
100551449
104080115
103585805
100599719
103609589
100633487
103672432
100697518
103721386
100750027
107239220
103739265
103763641
100809915
103725592
100790902
103729867
103839399
103790821
100871625
107501155
103887644
100962269
103923835
108606484
101041145
104012108
101092796
104049438
104048382
104061624
101131160
104836887
103036690
104134905
101231154
108157533
104161968
104145518
104101534
104098173
101285810
104144013
101345093
108358975
104184902
107533813
104192600
104202479
101450803
107723678
107580826
107532854
106467636
106417857
106391294
106364819
106337562
106190120
106101094
107939375
110007626
107924880
106180513
107910638
109533685
106879819
106842400
106815033
106604917
109540973
106397777
105023820
105121107
106448588
106418191
102389598
106407616
106378743
106347657
105200018
110012479
106943208
106415509
106387125
106360381
106332301
102737161
106338690
107118921
107093003
107063717
107033563
106983256
111185970
110291347
106551301
106995008
110319487
106590482
103796944
106537976
103815487
103790988
103743788
103734248
106649997
110547499
109669969
109618025
109568885
111173064
111121262
111066829
110986486
109648544
110968141
110925084
110940695
110085885
110028832
110135506
110012319
110110255
107181013
110046211
108523136
105447359
108570082
104121052
110282621
110232638
104195052
104181005
104077152
108515620
108463011
106711465
108464137
108362379
108333977
104237138
104222990
108020679
109076299
107825970
108579068
107820963
107778623
108830849
105835895
108876638
109841052
109789652
108694117
105745543
109821628
108868324
108838029
112336570
112285008
109921287
111441054
111397246
111345054
109992312
109037947
109006779
105772580
110363145
105787031
105812132
105804970
105793257
105350806
105343269
109469417
109438196
109407810
109757722
109409557
110359657
110328273
110233926
110849245
110233827
110200445
110871474
110190281
110144481
110113846
110091714
110582417
111097755
110118041
110087722
110056601
110024716
111186923
110973071
110054600
110971785
109460491
114740555
111358529
111064008
110999971
110968479
110936220
109609398
109504703
111558835
109509782
109481801
111929660
109482496
109443477
109413199
109938304
109402306
111995468
111957855
111924316
111890260
111735094
111702308
111667223
110825969
111660207
110818217
111653922
110812051
110777579
111045760
111011239
110978287
110943057
110908375
107754784
107736277
107718762
107700632
111918017
107709582
111307976
111212267
111178388
111143584
111097675
111058713
111011294
111989228
111953328
111022030
112181495
111014711
111578379
112492153
112050199
111057479
112041454
111049080
112784295
112748928
111057009
112395024
116601435
112792314
112409476
112369813
108388645
112833529
108318161
111224783
108307294
111221974
110869778
110831568
111249803
112479271
111243575
111207974
112504392
112467611
111225027
112397431
111011824
112508151
111001518
113247562
113214628
111012109
113196238
113139438
113100702
111432019
111026591
110995716
112461972
111450265
111415030
111381321
111345547
112512661
112469381
112415663
111164827
112402127
111155577
113322773
111152212
111441708
113333480
112475319
111457161
117831834
113366921
111267050
111237404
111602224
111576991
111544320
112608278
111330643
111299371
113601837
112802678
112754315
112718014
113631107
112726493
113680904
113642067
114116165
114067541
113647010
111900916
114092436
114052521
111940215
113722327
111930450
111896214
111863591
113742324
113692389
113649469
111843049
113621456
113147834
113590167
111875500
113151684
113899321
113132555
113618936
113512358
113459944
113136380
113430256
113395383
115499234
112033089
111997601
111962956
112246010
112211508
112175535
112140834
112105048
113217061
113174354
113129698
112125346
112088318
113127951
113076287
112091033
112054552
112021261
113716051
112007772
113695215
111987876
111953039
111917691
111880927
111845147
111773429
111746106
111720777
111693707
113745310
111681711
111654912
111629862
111602916
111576445
113784633
113718197
113673700
113961653
113649758
113607082
113556804
112652514
114487232
113552727
113515354
113476357
113440762
112700451
113201342
112678659
112641808
112604102
112565951
112529795
112491215
112451812
114963300
114898646
114852971
112463134
114814899
115110977
113888059
112439181
112408952
113881165
114340434
113804238
113763418
112126656
112096804
112476260
112084367
112054449
112022265
112494176
115006537
114950306
114905904
114856533
114815338
113914585
113878842
113840570
113801678
113762273
112072313
112038871
112007222
111974290
112675752
112647211
112618555
112588034
112549394
112572705
114999508
114957101
114898444
114769372
114719576
113944981
113905377
113864342
113824990
113787038
112689237
112658331
112627276
112596453
112562921
114817188
112456682
114787386
114731393
114688016
114648014
113908735
113869076
113828072
113788933
113748850
112551533
114689733
113735935
113693759
112558975
113667388
113626448
112552566
114864982
115309268
113635061
113593202
113549267
113477922
113449164
113418656
113385274
113352744
114875335
113336262
114845674
113316512
114817765
113297283
113266949
113233034
114817278
113211261
113178696
113146246
113111875
112988019
112952666
112918991
114863805
114822695
114780309
114740709
114698771
114658068
114616762
114575825
114532632
114490650
114448404
115393202
114419331
114375377
114333428
114290750
117153213
114259884
114217304
117125408
117077173
114198630
114155316
116986901
117060325
116948155
114143828
116908305
116849353
116794626
116739234
116671315
114124791
114090527
116634716
116584562
116532303
114092125
116482474
116426035
114079555
116393623
116347895
116301263
116254517
116193101
114098308
116149005
114075550
114040833
114008317
116108017
113985611
113948997
116078421
116027989
115980791
113943775
113908577
113872950
113836629
113710855
115971122
115924618
115880212
115835866
113714117
115802429
113688187
115891509
115775912
115734335
115692919
115649428
115604728
115561205
117570204
115526357
117526424
115491664
115448158
117494782
117443382
117379788
115432872
117332828
117260147
117207110
117145652
117091127
115380257
115336037
115290389
115245854
115199711
117083931
117023451
116910617
116863190
116814592
114014482
116759910
119074198
118444641
116645010
116586664
114020993
115258246
115211535
115166016
115121984
115615622
115083372
115037046
116599094
116550875
116512257
116455246
116408015
115042868
114970568
116323571
114899097
114860330
116290909
114831249
114796041
116261457
114766214
116225268
116180922
114745526
116142366
114716811
114676189
114639521
114602149
115057101
117007503
116138727
116094002
114591861
114551224
116060694
114428370
114390777
114353147
116037814
115991809
116589314
115953646
115905744
115859325
115810884
115765684
115665685
115617334
115569178
115522413
115423265
115374758
115295768
115256943
115505093
115225670
115203944
115166094
115128996
115090868
117550524
115016286
114976913
114936422
114898449
114858653
114818719
115099083
114695505
114654395
114614372
115902666
116680685
116634440
116588704
116541398
116439947
116392059
116343991
116294994
116247186
116200312
116152460
116104499
116056140
116546150
115961563
115912629
115862791
115815636
115766166
115717939
115670513
115586884
115544469
115505221
115467903
115425887
115386637
115348343
115308836
115271280
115230076
115189548
115150005
115109792
115069088
114942857
114894748
114853413
114813549
116163862
