========== elapsed time (insert) ==========
Inserted 1000 x 2 (2 Dactors) rows in 130656862 ns 
Throughput: 7653.635520497958 Op/s
Average latency: 107.953067 ms
Median latency: 111.62282 ms
========== single results =================
21106944
35880077
36920079
37057059
36442843
38427956
38396756
39020376
40073865
38888667
40467263
40860226
40377467
40779719
42698776
42865544
43686986
43633453
43994848
44374779
47271993
47816944
47259686
59257588
70377749
70658608
69621752
71228356
71273482
69787958
71318166
71162244
69933635
71187362
71865718
71841619
71871632
71637488
71949479
72189653
71948887
70818429
70873668
70914818
72527365
72223178
72262644
72288792
72762068
73065625
72681535
71604179
73356083
73021137
73116880
74600811
74562648
74521770
73636044
75673822
74605374
97038256
97237767
97258162
96253733
96339445
96445792
97364925
98221886
98303835
99320439
99326707
99335691
99860057
98670831
99897748
100285017
98762849
98743855
99719149
99723136
98803531
99911361
99780871
99517170
98934695
98991007
99927014
99699376
100003927
100886405
100550759
100552774
99450296
100603209
100609876
100617100
99582348
100591384
99790736
101018751
99845639
99874258
101128172
103732339
103657204
103649805
103665717
102784060
103860322
103889667
103918145
102812672
103440191
103012512
104017817
103062024
102980966
104105396
104195205
104610027
104613484
104620592
104626918
104691850
103664182
104747695
104762085
104726567
104922171
103980115
103994079
105001210
105004891
105070783
104755890
104725553
104275462
105211195
105102844
104483730
105153815
104650877
104658724
105660625
105668786
105216171
105715116
105403864
104858375
105889516
104881838
105490431
105656808
105171919
105057598
105739509
105739215
106472764
106264479
106099075
105426033
105433932
106014427
106231564
105741675
106291046
106365794
106906702
107207506
106628254
106715309
106215763
106724114
106400176
106515200
106742792
107068692
107445023
107454214
106676507
106907567
106710291
106716506
106720733
106722525
107120793
107783371
106806534
107810344
107811323
107903536
107304208
107884457
107349626
107043871
107472584
108096847
108095804
108094153
107590198
107452209
107632046
108212128
107352614
107394919
107790530
107111184
107725778
108410564
110750791
108453139
107983522
108492310
107310135
107314053
107996542
108804867
108088596
107491960
107496715
107502793
108477600
108247776
109108588
108509403
108511986
108515030
108516314
108520820
107723979
109346677
107765666
108882137
109473161
108674156
109462094
107917491
109028668
109016664
108826544
109681882
108586645
109129700
108142048
109169115
109170750
108717559
109204186
109172945
109176567
108829039
108797070
108806635
108455709
108863993
108868317
109125972
109128621
103988535
109172945
109178580
109179802
104105181
109176723
109071276
104223686
109108211
109109002
109113668
104331454
109509050
109509621
109512125
109411958
109409041
109322752
109323161
104703038
104705324
104705633
104686498
104513911
104512167
104221657
110558607
111358891
109796433
109797158
109800437
109799121
105183294
105092097
111866870
105127131
104953453
104679931
104653255
110935294
111446785
111035893
110706386
104730391
104720555
104723427
104724187
104720380
105687441
105686168
104791528
104794706
105754919
105755143
105755319
104896689
104898432
104900770
105265912
105261805
105254955
105255780
105255562
111379728
111378357
111379045
111378330
111377666
112972148
112383890
113005076
112995328
112450635
106177313
113057610
112515312
113089719
113086351
112579997
113116703
112608830
113113071
112623766
112588584
112586599
112582233
112577805
106313572
112609677
112609045
106354877
106340389
112378968
113537325
112408425
106423834
112440582
114574247
106487743
106486564
112537764
106511820
112567074
112565535
112563383
112563645
106640907
106642053
112625637
112395263
106601996
106599828
107084091
107095554
107086583
107442421
113243301
113596712
107507854
107507660
107249522
107541919
107541060
113432230
113691866
113467034
107642162
107634578
107634898
107635479
113593418
114038650
107656337
107732242
107689299
107689525
113746721
107720587
109198571
109149737
109149100
109146263
107842992
107835714
109205383
109296837
107989878
107994389
107997555
114542221
114433421
109282086
114461996
109022996
114491951
109040662
109009905
109003533
108991645
108988839
108400019
109074219
109087160
109086924
109086043
109087362
109085465
109084228
109074624
109073960
109075331
109031221
109032407
109029322
108814107
109060970
109058739
109043539
108894983
116185721
108926733
115357388
115351946
115348095
110723556
110720364
109283167
109284780
109286665
117977420
109317453
109226028
109226077
109226310
109225932
109225857
111012684
109309717
111094355
111091162
111089399
109402537
110938298
109720199
109460746
109462047
109748920
109748624
109512105
109794189
109543984
109543397
109543043
109542597
109476016
109939157
109506952
111069468
109523053
111061842
111066321
111049221
109590867
109592183
111102702
109623869
111129320
111117306
110298911
110267496
110325846
110296198
110295089
111201454
111198428
110352215
110329418
111372770
110356556
111397944
111340526
111338456
110442417
111354504
110469304
111538664
111409595
111406659
111360034
111356916
111356398
110336584
111760167
110428602
111505023
111828484
111827268
111562135
111842629
111572639
111870454
111600868
110650422
111627823
110677270
110679441
112005585
111996762
111985109
111159843
112009949
112005093
110842630
111226258
110868778
110869974
111280936
110897660
110898452
111315187
111316403
110877297
112121432
110978122
112144399
110958126
112158923
119417131
112154955
112477607
112473132
112450797
111122242
111116661
112489198
112484984
111704944
119815538
111720847
112543844
112536968
112517764
111783726
111777766
112555679
112527392
112491398
112483304
112616536
111874041
112520184
112513053
111883386
111877966
111553765
111895313
111905847
111609622
111921488
111916018
111613375
111933969
111629705
111622820
112189991
111992708
112999392
112991003
111981229
111974898
111970370
113048493
113039265
112006468
111999188
113074454
113043368
113035661
112058481
112051466
113072567
112062412
113063723
112077247
112070357
113099030
112086513
112112930
112107397
112122895
112117489
112111481
112104734
113238752
112205760
113253228
112437489
113189514
112253789
113202223
113597720
113589767
113581183
113241523
113579710
113563907
111521896
111445698
111437716
114305099
114296256
111475155
114305968
111489055
111482143
111480942
111474529
111467804
113101147
111802987
114457335
114435775
111557023
114449736
111566447
111526568
111571069
111946408
114580774
113836956
111977471
114587527
114578364
111713744
111709163
111702886
114675259
111711456
111703409
114701668
114692472
114682345
114671009
111767470
112246120
114696941
111795179
114702333
114691848
114680710
111814125
114688085
111822292
111812017
111800635
114348648
114509100
111825978
114346039
111833547
112295981
111841186
114859937
114828365
114814995
114804934
111906605
114810877
111912863
114519184
111919699
112709667
112700545
114288810
112708357
112700494
114616513
112707407
112697454
112049014
112039642
112722845
115046061
112711360
115144014
115003468
115149395
122426145
112769815
115043254
115021391
114838235
115019821
115008763
115257076
115180561
115032254
115020293
115673834
115026223
115795278
114978283
114966718
114956291
114944063
112490397
115007381
114996094
114987520
114975969
112549608
112539272
114999363
112541723
114985563
112547390
113269142
114652505
113273787
113262684
115027676
115071568
113284408
115452868
115431311
113306052
113267641
113255485
112728816
113259341
112733460
113265399
115199887
115188513
115571031
112739298
115209137
115196876
115184267
115624147
112793958
113406322
113396610
112817578
115679875
113416175
113402789
113641766
115315203
115303748
112879424
113619034
115325707
113059289
115329349
112985675
115335041
115322568
115876701
115864433
115854440
115843252
115373778
115845258
115376182
114494993
113663455
113649349
113635257
113621513
114447493
115940431
115908260
115895164
113668905
115898860
115886536
115873407
115860426
115847619
115829779
115817399
114602261
115818752
115805508
115794903
114635890
113838277
115812361
114652263
115814716
114655602
113884039
114658248
113885881
115862684
115849558
114965938
114884203
114871724
114859952
114820639
114807976
114794707
114006204
114798672
114785804
114755135
117643213
114754591
114742159
114078774
114715038
114701092
114936390
114925069
114717867
114704697
114827839
114164278
114150842
114137121
114097562
114995971
114096988
114996017
114982297
114113999
114982156
114969259
114130945
114118533
114985053
114925593
114912188
115020991
114184133
115021210
114941184
114780870
114942090
115439816
115063744
115049113
115035044
115027570
117437001
115017081
115017699
115002669
114989020
114974792
115056886
115041354
115025062
115000153
114984954
114968399
114952803
114937218
115078308
115205441
114949427
114934136
114924850
114912998
114896621
115909764
114893556
114877374
114863915
114832771
114808396
115226417
115209974
114821031
114808497
114795361
114782276
115248386
115233862
115218164
115202793
115187612
115172942
115159369
115142524
115126052
115110500
119108825
118167664
115106740
115079659
118176700
115669018
118155820
118141308
115117108
118138181
115115057
115102609
118121289
115100936
115087300
118129225
118078146
118062942
118050025
118034303
118019104
118006498
117992053
117976130
117960706
118313124
118234438
117951989
117935010
117919090
117903794
117889031
117872622
117856441
117834202
117818485
117803776
117788991
117773366
117758460
117742071
117729213
117713673
116827164
116742288
116726796
116712621
116698540
116682139
116666387
116650581
116637218
116621672
116588288
116571542
116554640
116539522
116524651
116480985
116519197
116449127
116433729
116417335
116400332
116384495
116368274
116352258
116335377
116317455
116271739
116253311
116237143
116219235
116201634
116356030
116167199
116152365
116134626
116116804
116098919
116037129
116011078
115994866
115979380
115964129
115948696
116768477
115945856
116338648
116179947
120187799
120682413
