========== elapsed time (insert) ==========
Inserted 1000 x 2 (2 Dactors) rows in 123150819 ns 
Throughput: 8120.124641639613 Op/s
Average latency: 103.088222 ms
Median latency: 107.093758 ms
========== single results =================
14050996
15237938
17027504
17726781
18499727
19020830
19464781
20750541
20494620
21857150
22301306
22737200
23117887
23554082
24002756
24592198
24921688
25334501
25821503
26354191
27437537
27941536
30065783
29616667
30414501
31517448
32084213
31576465
33128491
33578173
32917663
33355756
33768689
39856694
71455196
77677606
87483240
86997418
86834733
86858200
86940997
86971662
86997458
87019858
91405533
91181879
91241337
91212369
91373862
91928912
91367680
91783813
91774145
91446538
91864872
92261479
91951090
91969573
91993705
91992103
93339652
92433578
92458149
92575824
92598973
92452921
92360701
92373756
92368640
92396861
92421930
92707200
92501768
92496400
92523661
92538431
92906330
92918735
92942393
93115705
93138492
93081917
93105773
93258892
93286022
93309901
93295335
93317734
93342072
93498878
93522713
93544950
93568000
93597753
93646809
93660850
93683646
94377459
94399303
94423429
93866332
93880805
94547773
94101320
94625979
94179156
94197791
94212033
94225502
94251132
94274456
94296952
94320036
94343812
94557717
94693492
94632663
94655246
94676739
94807521
94830688
94851964
94873084
94896073
95661699
95634799
95645211
95672606
95683325
95175440
95198372
95218756
95312586
95338324
95363354
95654099
95437282
95459686
95481183
95833762
95526960
95904876
95926200
95709715
95699931
96052128
96179023
95821064
96154503
96302752
95934218
96377202
96361327
96477611
96480963
96193941
96536825
96556243
96577145
97358075
96418935
96438242
97478364
96507570
97549497
96576595
97617286
96602084
97845989
97215108
97236376
97256907
97293592
97314750
96936937
96956905
96973679
97532268
97553240
97094373
97111596
97674921
97689734
97707348
98518310
97310256
97331490
98792065
97572277
97601109
97622833
98246026
98265204
98284548
98306176
98324995
97890848
99270491
99288155
99299465
98056496
98076181
98095127
98115493
98730664
98744071
98747537
99149282
98803396
98822818
98838620
98856229
99921296
98871080
98890345
99505243
99521181
99537410
99544441
98863096
98880927
98881946
98901801
98918331
100494492
100479517
100517094
100536967
100555841
100966690
100626502
100645149
99751780
99768955
100757999
100773299
100770218
101108686
100804034
100023345
100869131
100885800
100872668
100184356
100204592
100223430
100240928
100258354
100275177
101046427
100338182
100358013
100738797
100427909
100386678
101005072
101375367
101389997
101405748
101420923
100563760
100639979
100748715
100760348
101614398
101669877
100826218
100845544
100882704
100900360
102170561
100981559
100991501
101007797
102319253
101132645
101148548
101163600
101178462
101194414
101288166
101302872
102371486
101311031
101295383
101448618
104184977
102554838
101555134
101573845
101591373
102701557
102711752
101686282
101702557
101715190
101727725
101741558
101881686
101896557
102354680
102444391
101900406
103154275
101957959
101973133
101988109
103241634
102246366
102261896
102275681
102289504
103423747
102343875
102297620
102312061
102290074
102303240
102316348
103687365
103699786
102649463
102662485
102676128
102691221
102696919
102619764
102750895
102763253
102779298
102792733
102805175
102977871
102873028
102892922
102940752
102953718
102986830
102989510
104453334
104464631
103082613
103081606
104554777
103135064
103146769
103154631
103167321
104729210
103221377
103467855
104823072
103519208
103517753
103531283
102286445
102291706
103620955
105071895
102373219
105124526
105133720
105126415
105135475
102499678
103905021
103917309
102583826
105304083
104008574
104020793
105320494
105348308
103008689
105395673
105404574
105214601
105450772
105446166
103060524
105518383
105528099
105537391
103400273
103376652
103449517
103315119
103326176
103494267
103461104
103418190
105875572
103460138
105920073
103530629
105995375
103583067
103591871
106077083
106086090
103672520
103898015
106159476
103941190
106203917
106207504
106212150
106219014
104089386
104097487
104104357
106332918
106338895
104145853
104260807
104189929
104302011
106502800
104258829
106850732
106580367
104336272
104482504
106740413
104527175
104439968
104566630
104476297
104482095
104490283
104496232
106959791
104763016
104709748
104803621
104642673
104648078
107133131
104686692
104940109
104727087
104978309
107272440
105016297
107312063
107317634
104900334
107356088
107360998
107362804
107369182
107359101
105032703
105035929
105012783
105015183
105420679
105397376
105401201
105406823
105411080
107657161
105446725
107651310
105485977
105312017
105483846
107754272
105329228
105551391
105847955
107852111
107854384
105755776
108059008
105733210
107975461
107978363
107977758
106865272
105865808
105866225
105868342
106952066
106951626
110051342
105872608
107007681
107007671
107010906
105926938
105898003
107185071
105931919
109179413
106031953
107221756
105993887
105996323
107269558
106207336
107302401
107303582
107303427
106153826
106150000
106366441
106402236
106403225
106378672
106373891
107554429
107562373
106429974
106424075
106425244
106422989
106432691
107718091
107722165
107862227
106681041
107347524
107804576
107798813
107771109
107778592
107871337
106853763
106855787
107839993
106856856
107865501
107862949
107863658
107861836
106917006
106949357
108080004
106975113
107964298
106998263
106995497
106994159
108040371
107123339
108063221
108061808
107093758
108075337
107716262
107144027
108124442
107166263
108146542
107353456
107351485
108193170
108190094
107291731
107428275
108240166
107693370
108260411
108197754
108124168
108119968
107474278
108141489
107496538
108545965
107488843
108213886
108202865
108199825
107782011
108221218
107800797
107794678
107791165
107678537
107811314
107696993
107831342
107828200
108454171
107847649
107840558
107833977
107837356
107854046
107855502
107872018
108692954
108621971
107913998
107903578
107897568
108684946
108014135
108704111
108026918
108020129
108733677
111519815
108751258
108077004
108047571
108062298
108057724
108021885
108859254
108131595
108838313
108831897
108170771
108848395
108814886
108325364
108191721
108187097
108278327
108267007
108344463
108946816
108939972
108933759
108925793
108918423
108306716
108301201
108437000
108430732
108400684
108395865
108389758
109065046
109059083
109050862
109044544
109035103
108997031
108531726
108524853
108554178
109053382
108568239
108581615
108571536
108602403
108593854
108585868
108627564
109189539
109177445
108638881
109190782
109359328
108662879
109223268
109214309
109204039
109195065
108772095
108766833
108779570
108770545
108762057
108752345
109309219
109301502
108878699
108869550
109326377
109321200
109291864
108924800
108906772
108897014
109343269
109335268
108929947
109013550
109003210
108995586
108987881
109424499
108996243
109007504
109006739
108996010
109353631
109002953
108992664
109548477
109002659
108991436
109575867
108998829
108990356
109206548
108998462
109212557
109003868
108993587
108983854
108961988
108949969
108932453
108921225
108908742
108896726
108883924
111424025
109370433
108906886
108893647
109392177
108895287
108883727
108873122
108844353
109450260
108849884
109455615
109445207
108874658
110792200
109468035
109457311
108917020
110150824
110138950
110125795
110113478
109528360
109516236
109491655
109478433
110167199
109477461
110170925
109478721
110173545
110162472
109497658
109483378
110180032
110166283
109501493
109485987
110185821
110173246
109502754
109487355
109472702
110214301
109473774
110236227
110225218
111569313
109496674
110159278
109499051
110212602
110200716
110185773
110171354
109599429
109587489
111234407
110384119
110804968
110231654
111064391
110234404
110218692
110204680
110178184
110165086
110144539
110127016
110111671
110095180
110079579
110063854
110047105
110030354
109967948
109955092
109940831
109925649
109911119
110692004
111615101
110750473
110125688
110807448
117404419
117387952
117371722
117354383
117305901
117284707
117739321
117266775
117239814
117220564
117201648
117183444
117165099
117143262
117108692
117063945
117048257
117030747
117014222
116999244
116983613
116968966
116954269
116937286
116919617
116885222
116869186
117246756
116863638
116771879
116750907
116724243
117694258
116717473
116692043
116666604
116651593
116635247
116618327
116599566
116582949
116566495
116550974
116529569
116512367
116493728
116444895
116429123
116383638
116365985
116432652
116361418
116345251
116328091
116308290
116290657
116275166
116258300
116241161
116223805
116200141
116185186
116151717
116147071
116118435
116098262
116082802
116061645
116043396
116025024
116007798
116763744
114908567
114859261
118431551
114735827
114706169
114828193
114689728
114670848
114651822
114633035
114614654
114920215
114612271
114594524
114578305
114561520
114541194
114516252
114925138
114476543
114457917
114438712
114418572
114399981
114355542
114336704
114317424
114298005
114279645
114256555
114233821
114213830
114201301
114185063
114166946
114145978
114122745
114034344
113947436
114533814
113936520
113916803
113890368
113869463
113850816
113831432
113806748
113786285
113755972
113736363
113714347
113693886
113634691
113614360
113596295
113576311
113556336
113534867
113485834
113465352
113444097
113423615
113402754
113381067
113360086
113337201
113314440
113293437
113239800
113217293
113195852
113173729
113151028
113127359
113107356
113083979
113063006
113035573
113014220
112971565
112950666
112929382
112907600
112885758
112866259
112843252
112821570
115079275
112805787
112785226
112763195
112741231
112718472
112695767
112674329
112652064
112629726
112607829
113480413
112598291
112583642
113833932
112565704
112541435
112522009
112499589
112475565
112451855
112428400
112406823
112382475
112358435
112334379
112311681
112277188
112254419
112223150
112197572
112173394
112150181
112123739
112098613
112071850
112046508
112024894
111983762
111961063
111908724
111883991
111960344
