========== elapsed time (insert) ==========
Inserted 1000 x 2 (2 Dactors) rows in 128976743 ns 
Throughput: 7753.335808766701 Op/s
Average latency: 106.288822 ms
Median latency: 108.976325 ms
========== single results =================
15800869
20635112
20101637
23694502
24065533
48358261
77933592
78368839
78662415
81766968
78926149
81367235
85024085
84527608
84757939
84897112
84961447
85294262
85350546
85255452
85329991
85409556
85427891
85661692
85681793
88876562
89003868
89516813
86186993
86193985
85823975
86491545
86445059
89530947
86258248
86459744
86741221
86649973
86596192
86914337
90571615
87753406
87864369
88627832
87998528
87934078
88787852
88928033
89018928
89772535
89112965
90086473
91598200
92705259
92024576
91793109
91789027
92236093
90442539
92598361
92381392
92153202
90908427
90672750
90805910
89101080
93022372
90170311
89657661
92115988
89688357
89696932
98232437
94737348
94757027
95420036
89955404
92889206
92918626
94419549
93013529
90693786
90410489
90668844
91726888
93306545
91863394
93710079
91923136
91923904
96201648
92215267
96230006
96201864
96249537
96485545
96541170
96321464
96326969
94870085
94876808
93115174
93112159
96607019
95310878
98074248
95513286
95456430
93401606
93298755
93589115
93194095
93664118
98010412
93689279
93282693
98150872
93832197
97726921
98281355
98279376
98230416
94046713
96699118
98062686
96768086
95122951
94265617
94393909
98810416
97043211
97055825
97059714
97063553
96308120
99105441
99107469
100364093
99177960
97943496
97945105
96276018
98017767
96341757
96273068
96273126
96276283
96626208
98346726
98350491
98354056
95987060
95871044
95870860
95879561
96484530
97289810
97289329
97232276
97218976
97220351
97221436
97220628
96948987
97288002
96770501
97308729
97312349
97628899
97630172
97584889
97587722
97531708
97028001
97022261
96831398
96647575
96503580
97946067
97948041
97950990
97954213
97955998
106601575
98221948
98403860
98286939
98289072
98290027
98291604
98298978
98300937
98279912
97638645
97509546
103694401
98634702
98921893
98924128
98616832
98987118
98987103
98743694
99051196
98787403
99057566
99032681
98944788
98880598
98796820
98772524
98800528
98770676
98617415
98452351
98430046
98365966
98271941
97821896
98580174
97908478
97902173
97883512
98709445
98132534
98111464
97787145
98132892
98133364
99852836
98137302
99810848
98156008
99822108
99786179
98275986
99695165
99677012
99657672
99273085
98451965
99715553
99694384
99664266
99531970
98794562
99556912
99111496
98800026
99132419
99114134
99098105
99064966
99047942
99030790
99028236
99019084
99052401
99077935
99058435
99121980
99156986
99145165
99178071
99196769
99200064
99234709
99259000
99254614
99301499
99263310
99313388
101940298
99438831
99417908
99420877
99455671
99481090
99468877
99526075
99545037
99532200
99565494
99589655
99585191
99632346
99651739
100339456
99612684
99673177
99760900
99745925
99736818
99755291
99807962
108467022
102324391
108682772
108546723
102399423
108584204
108598179
102452506
108892409
108856980
108719788
108869650
108842032
112204485
111928499
103133980
103438779
104643319
104625656
104597140
106636157
106615567
105658432
105177539
103677427
103768775
103701545
103722669
104344844
109612408
103465899
109733450
103744921
103324532
112751813
103331611
103424881
104508299
104476531
112999212
104483549
104458143
103911095
104409865
104382635
104358381
104336316
104310032
103622147
104322648
101960285
104324404
104163356
101908969
101883187
101975853
101952231
110702632
102075104
102050278
104034154
104065870
110957424
110860631
104547246
104514427
104488930
102305499
110976617
102318318
102301729
102287020
102270303
104670738
104532155
104511435
111374652
104100240
104076493
105298674
104088700
102559572
102537034
102518290
105699418
105399109
114689391
104292207
111653246
112039420
111657652
115256680
102637027
111702914
102655825
105571567
104552488
111782623
104561767
111785765
104571982
104548329
104522144
102861336
102843141
102824472
115462142
106663215
112471327
115557166
112862951
112144795
106431637
106866613
103301749
115742725
116157763
112695200
112665586
115924994
112848649
112810350
115962188
112809267
116044588
112811601
108839837
108802166
108770308
112882553
112849295
108805600
108774877
107732996
104963073
104731951
104707219
113770660
104717556
104697424
113112781
104710951
109042361
104972116
104946004
104925442
104906535
104885783
104659672
106048172
106014066
105985660
109258249
105988298
109291742
106011446
113600773
113561974
109364346
113322914
113289593
109400625
112092230
114110021
114078291
114047699
104837401
104818049
114832443
105422461
104859376
114075110
104843360
114240331
104858548
104829633
109875268
104920652
104904265
109939835
106835372
104959687
104949758
104926397
114512713
106939171
106894382
114704797
114659743
114389383
114353106
114424912
106956723
114421374
114411238
113186485
106549752
110460776
106552289
105390508
106556121
105407255
105391951
110580091
105359783
106653122
105370328
105353698
106688805
105365713
105582809
106664210
106641553
110815454
107080732
110830563
106733017
106710456
106687407
110899603
107214237
110891373
107219520
110879073
107224085
116204081
106872084
110934882
107288249
110921860
110886836
108095109
107006390
106985038
106962141
108178044
106928032
107449037
111068432
108162671
108132303
107498824
108125779
114567179
114600021
107488247
114588334
107486620
114631294
107496306
114632211
111357171
114629424
107273342
107248982
108419424
107245880
108417501
107250528
114871094
110699818
107280019
107777247
107750224
107718437
108563389
108536434
108110730
115032183
107754784
115009831
111786521
114067591
111772877
111732046
111679390
111641526
115445767
107634020
107611788
107594082
107573790
107551130
115464079
115426103
108924818
115411475
114463575
108941459
108178782
108145047
114016581
113973854
108961138
113903184
113852183
108917266
108264451
113855171
108256923
108233754
108976325
115969093
113902658
113859713
112248320
112212909
113869141
113781260
112207875
109119607
112187670
114986392
109131747
109100793
109068836
109039520
113918219
113879466
112293397
113861560
113824040
114688307
116230955
114737854
113847534
114582232
114539151
114496772
109089443
108579880
108553179
108526471
108500722
108919235
108896050
108873288
108881404
108857229
109508017
109473824
109410874
109384698
109345438
112792787
112746842
109371852
109341060
109316981
112724003
112684378
112436006
109355330
109333584
114451505
114411468
114373302
114331594
114287116
112268608
112231489
115502532
112212737
112157367
115233593
115188900
109551654
109526969
109500771
115207716
115668290
109513485
109541134
115651192
115606991
115271768
109662419
115536021
115497158
115455722
115364670
115324203
109740654
109711839
109684883
109657026
109774916
114858151
114802862
114755200
114709411
109822441
114685947
114577686
112757944
112716186
109868146
111284840
114607923
112729927
114583776
114538931
112723346
112680585
114516580
114472122
115800729
115758646
115716311
115672969
114490258
115649790
115840472
115623796
115581196
115538279
114537721
115868218
115528907
114455584
115122627
112930896
115466847
115911499
115868356
112937671
115842466
115799431
112925553
112870368
112827781
115807950
115762193
115720042
115668807
115550820
115504412
115467872
114723219
115436682
114688643
114635135
114543970
114496865
115457121
115734501
115687104
114294530
115658224
114046544
114002074
115642024
115595461
113992496
113160340
113963322
115591478
115545185
113158928
113116507
115526847
113087539
115485807
116080078
113077628
113037620
112992159
112951926
112908980
112868425
115817566
115773039
115725236
115665979
115619178
114202682
114159358
114114430
114068009
114021088
113975851
113001473
112964164
112925397
112887131
112841111
114019349
115822687
115771825
115726572
115667964
115616611
114045418
113995634
113938009
116732815
115629141
115855158
116640332
115607944
115444622
115397673
115794875
116007040
117768085
113109504
113071539
113031656
112969844
114140189
114086832
112961072
114039629
113995798
115128831
115081260
115036352
113931324
115003693
114942528
113914685
116027785
115971387
113836383
115915029
113805881
113761448
113721961
115870811
115011798
114963728
116289184
114929911
114882132
113203526
113164154
114861908
113139259
113813035
116407920
113784004
113136506
113758183
113710470
113120886
116025526
115558759
115503398
115455539
115408327
114989267
115389023
115326376
115301277
115298876
115053635
115005643
115275487
114959676
114900915
115243820
115208091
115152262
115101509
114000226
115054012
113967754
115015146
113944038
114976003
114901244
114929258
113959323
113917243
114913011
113606074
114814685
113537452
113498965
114788541
114909393
114745853
113492847
114709248
113963075
113459556
113931089
113892319
113847527
115246003
113811936
115186984
114737068
115146140
114705223
114662163
115115862
114627250
115075998
114591582
115036808
114991138
114936357
113573533
113537160
114904164
113507672
113772602
114869606
113478492
114626191
113448409
114582817
114537021
114490956
114386014
114876842
116385304
114839263
113817153
117094905
114757033
114710762
114031457
113794305
113747005
113516058
113478839
113441766
113402235
113361113
113748274
114461287
114415615
114362371
114317064
114271801
114761316
114714849
114667755
114561462
114517090
113779167
113733634
114091882
113699597
113426267
113387099
113347438
114513104
114312710
114267949
114221245
114483864
114145224
114104202
114451411
113734372
113696355
113656905
113616744
113575793
113534561
113494521
113454662
114453540
114408010
114361780
114314582
114232443
114196375
114155985
114167664
114108256
114058970
113975798
113928918
113889704
114143629
113855997
114099166
113823256
113791502
113751135
113707690
113665579
113626089
114097722
114108393
115260558
114073313
114028462
113988580
113968845
113929421
113888899
113849412
113805809
113763167
113722023
113677314
115661903
115653093
115824520
115917597
