========== elapsed time (insert) ==========
Inserted 1000 x 2 (2 Dactors) rows in 126842688 ns 
Throughput: 7883.7812077902345 Op/s
Average latency: 104.987342 ms
Median latency: 108.853392 ms
========== single results =================
23489668
24493080
25028181
25429963
25309192
26340385
26765673
27115164
37254851
42948355
43659246
44044555
47298996
49752600
50210456
54176268
59517153
62550524
62236280
62372284
63015008
63102440
62592340
63172798
62674917
62636218
63363211
63417349
62863188
63034268
62986983
63678609
63700269
63098183
63809979
64011285
63559805
64158298
63661509
63679717
63732511
64565687
65418295
69707485
70116675
70231952
70054949
71004053
70337073
70428764
70364279
71291597
70711317
83520624
83693648
83920893
83752613
83745609
84086028
84036695
83993993
84182822
84443136
85299754
84393516
84613107
84653108
84544328
84859550
84603824
84859150
84913322
87019939
87205878
87145123
87189002
87211513
87682033
87514183
87550419
87592260
87630598
87543942
87700152
87829460
87868358
87880501
87813045
87852705
87893188
88114481
88045238
88089038
88304496
88345623
88240741
88467333
88558221
88568766
88458793
88499993
88539354
88578866
88842338
88863407
89055999
89107731
88849530
88888924
88928210
89327172
89025470
89266499
89120307
89334182
89371527
89411019
89331617
89350754
92428652
92159297
92186810
92266616
92299447
92309715
92356667
92723476
92768818
93027190
92577654
92926247
92965600
93286214
93324674
93363138
93403199
93440793
93293172
93330345
93368155
93408408
93428099
93465086
93502625
93540154
93580320
93619194
93655430
93692407
93711788
93751200
95555959
93838906
93855844
93893311
93933616
93972779
94009690
94253779
94254121
94140190
94176426
94186936
94268413
94270122
94220874
94257439
94275611
94311581
94347779
94462315
94402546
94475856
94458641
94439212
94514766
94241988
94644597
94644852
94681482
94504350
94997502
94557215
94594498
94630620
94650263
94669218
94705031
94741285
95115448
95200062
95257106
95285224
95323713
95546311
95401881
95383210
93116458
93140998
93178719
93216297
93255002
93273594
93287534
93285595
94978073
95153106
95255095
95295664
95504181
95381650
95415798
95452594
95665851
95508951
95466394
95535428
95577943
95688697
95672914
95710473
95705374
95744277
95780713
95827427
95782982
95867172
95855650
95928980
95938725
96062110
95984317
95976017
95994530
96027275
96066947
96103702
96191266
96232322
96273045
96316332
96336247
96372807
96411079
96448603
96488513
96527071
96563234
96601294
96638578
97344092
96710315
96729261
96767698
96789111
96865831
96773768
96770683
96967838
96989150
96918532
96955092
96993139
97029431
97066619
97090583
97162614
97164242
97237340
97238943
104549846
103499662
103873579
103903880
103632927
102626625
98115935
104097696
104045657
103865633
102864647
104139181
99454115
98462874
104282701
103978233
104019629
102805617
99461026
98571633
104042905
104078939
104114563
104660360
104202792
104723736
104756085
104790576
104825368
104864368
104884014
104920814
105012331
105010208
104483327
105063475
105155800
101069680
104956819
100114704
105317041
103838802
105463031
105441028
100616072
105532235
105567760
105603344
105638695
105672386
105710968
105746055
105788543
105824714
106065586
105916027
106448921
106049474
106085934
106121538
106158859
105352476
102035598
101109350
106356804
106393813
106408897
106443868
105417684
102088781
101192835
105507553
105598589
106746913
106777635
106777903
106750394
106783726
102500414
106871412
106907068
106942975
106975768
107007556
107042539
107079183
107114509
107150104
107184526
107218601
107256509
107292052
107325910
107360845
107395315
107226558
104111719
107308539
107342253
107375453
103934965
103970550
107518262
107554433
107591130
104055757
104074439
107736793
107771087
107806589
107843203
103703819
107979572
108016200
108049058
103941138
108138849
108172368
108194791
108228546
108265385
103934261
103970684
104007910
104049355
104122138
104270493
108679218
108714877
108748683
108789563
106491743
110767877
109757239
106288256
105298761
110934056
110640193
104823959
104846976
104885977
104922581
107055318
105011097
107139367
107175632
105157158
107294139
107326254
105348769
105387629
105424677
107497791
105513226
107581145
105604644
105630238
107788310
105718455
107834546
107870631
105862513
107956927
107991111
108026141
108053472
108081947
106159593
106195126
106232182
106269874
106305738
108377418
106391639
108461807
108497152
112369103
108565303
106637355
106658259
108631754
106747723
108716300
108750964
108785335
108820563
108853392
108886758
108920612
107145191
108980798
107223427
109043073
109052381
109069903
107351526
107354173
107403879
109192728
107440739
109244795
109260896
107539292
107557780
107574285
107592821
107610032
107626883
109492365
107676264
107695863
109576441
107745887
109624978
109640507
109658363
107864469
109695941
109710874
109725484
109741877
108012211
109789549
109232423
110433538
109847542
108159361
108175069
108731008
108212734
108232590
108250248
108267315
108283339
108284966
108302281
108318598
108335043
108352015
108381898
108403431
108494951
108522903
108541982
108558644
108577119
108593688
108609775
108624813
108638869
108661236
108676036
108689755
108702491
108716551
108732706
109122129
108804719
108822004
111039859
109697148
108878644
108890509
111118181
108914699
111150269
108956830
111186432
111196558
111418177
109109416
109120901
109132014
111335450
109171869
109185627
111401636
111411031
111419843
111428357
111439524
111450018
109362416
109372936
109383240
109380215
109394182
111597820
111606720
111615255
111625390
111634554
109541250
109552116
109563478
109561162
109573483
111776429
109918667
109617494
111819306
109656319
109666649
109676089
111905410
111916330
111924817
109765139
109774501
109747363
109761453
109774304
112062486
112426468
112095075
112093899
113743150
109904472
109943633
109943196
112628930
112215567
110007412
112248801
112256605
112266351
110695897
112283098
112562249
112273266
112282445
112299142
110544617
110521007
110683518
112383330
112391135
112398150
112405143
112412051
112420562
117977445
112434330
112707809
112455396
112463668
118080261
118085411
118090466
118095066
118081289
112592460
118111034
118113977
118443335
112675132
118112937
118055531
112728966
112736071
112744815
112737086
112744180
118171616
113177372
112782888
112790863
112797937
118268533
118278303
112861965
118310812
112892141
112898661
118358231
112928566
118363584
118630827
118391221
118710397
118419216
113048710
118445309
118448697
118451844
113121767
118479729
118482927
113170330
113176235
118513859
118517692
118521652
118308047
118309581
113278746
118335302
113305572
118340560
113331451
113338444
113343073
118407742
113369205
118431192
118435262
113418668
113951538
113445406
118594686
118534024
118535944
118536645
113880316
118555189
113583201
113586830
118596045
113609792
113597013
118635234
113655517
113628079
113628853
118695056
113651175
113654573
113655782
119352588
118746503
113720711
118767802
113860167
113746107
113748967
118828020
118828420
118827645
118827015
113827272
113831001
114970006
113833318
113835068
113835630
113826924
119861381
113848039
113850896
113852584
113857146
113859716
116727673
116726729
116722277
116706304
113933714
113935359
116738794
116880459
119356611
116750494
116746902
114028476
114030123
116781756
116780910
116778947
116778082
116777431
114119395
116786024
116761114
116759535
116757746
116758158
114205743
116754655
116679328
114239388
114243024
116713550
119714495
116964442
114293540
114295557
114296252
114281080
114282509
114335340
114343565
114345270
114345474
114345092
114345217
114358007
114358530
114359905
114360822
114561045
114360659
115351794
114943598
114359708
114359683
114360327
114358831
115103427
114373582
114372999
114373972
114372857
114372274
114369784
114589576
114384392
114384742
114384378
114383640
114383092
114384611
114383505
114383277
114379787
114689715
114394241
114393127
114391063
114389859
114396383
114396579
114358864
114357290
114357863
114345853
114348211
114349357
114902115
114415436
117658678
117655956
117653649
117649787
117602927
117598298
117588021
117584466
117581337
117558644
117553937
117959932
117756028
117559033
117536351
117567191
117616314
117530818
117525961
117520721
117515430
117511517
117502070
117471794
117445578
117438007
117433589
117683430
117464513
117508604
117503400
117499533
117494699
117487839
117480232
117473369
117467934
117462023
117454925
117449095
117426481
117420378
117413293
117405843
117397285
117389970
117384442
117378002
118130876
117380513
117361202
117321366
117906658
117308313
117301421
117378021
117305278
117297886
118862535
117282908
117276252
117280965
117274256
117267251
117259550
117251839
117475477
117255613
117246739
117194550
117186075
117180343
117174345
117169528
117161711
117155220
117135319
117127400
117120238
117112970
117106545
117101667
117094307
117087257
117079821
117072513
117066635
117059912
117400937
117043679
117035791
117970830
117047232
117039030
117030671
117022787
117016584
116977289
116969500
117520349
116968348
116961193
117183955
116966784
116958559
116949893
116943299
116935188
116925195
116917938
116907931
116888241
116890421
116883435
116875671
116867229
116860439
118005940
116858722
116849145
116840041
116820653
116813681
116806215
116798289
116790107
117035600
116790714
116783609
116775406
116767038
116760299
116752786
116743954
116735325
116727142
116719809
116711301
116702254
116693746
116684427
116676810
117375026
116673400
116663617
116655145
116647774
116638102
116628447
116603212
116593484
116585862
117422376
116566143
116555276
116529969
116522517
116512791
116612747
116491524
116481986
116478607
116468049
116458073
116447683
116437106
116430033
116420626
116411021
116400944
116391855
116647408
116389457
116379590
116369571
116356651
116347884
116336853
116326481
116314089
116303102
116292610
116246685
116238800
116231228
116831310
116229668
116221793
116213703
116200450
116701604
