========== elapsed time (insert) ==========
Inserted 1000 x 2 (2 Dactors) rows in 119030551 ns 
Throughput: 8401.20449413025 Op/s
Average latency: 96.086614 ms
Median latency: 100.613793 ms
========== single results =================
12671835
14763115
15750516
23380492
25156942
25494024
29328762
30584342
30108583
30543496
30790175
30933649
35623467
35021737
35299782
36160426
36327857
35424623
37721625
36884362
37072484
36106392
37416964
37618613
37906235
38069679
38253281
38091275
41779218
40237682
40582231
40555020
42938265
68496574
69953281
70138533
69223481
67859727
69627776
70201250
69202741
69242774
69260823
70935903
71106498
70845431
71237330
71296342
72768871
70639008
70650970
70518602
70534654
70585504
75908745
76190111
76487730
76514580
75211292
76733713
76873479
75767367
76929533
75031804
77232046
76045533
77259420
77330221
77534148
75747331
77685585
77743565
76738772
75995947
77998210
76104509
76115382
78221115
76159069
76311050
76266361
78494459
77546568
76438571
78769754
78788820
76674685
78408472
78622619
78411905
78435125
80975795
78934797
79789040
79116146
78758220
78725021
78819516
78840837
79086768
78937609
79018595
78500222
78524724
78541974
81058994
81022631
80868336
80887727
80412984
80291799
80300140
80193540
80211230
80215472
80058327
81680534
80651008
80442159
80113020
80812645
80194087
80204140
80446597
80287863
80098136
80032321
80051183
80067316
80922185
81220945
80215710
81302070
85389236
85470972
85610426
85470325
85477558
85490276
85787999
85833169
85872745
86154369
86500406
86797248
86844115
86900186
86909152
86793676
81612783
86869023
88467305
87172406
82660137
87647836
87352232
87207505
86740542
86745728
82220213
86666259
86675147
87774449
86752104
86761316
87989233
86830398
86836989
88170369
86964515
86973282
86503632
82673583
82686695
86891646
86906874
86909617
88976192
86967636
86970853
86910569
86917011
86921633
86508695
86502607
89476556
86566613
86493018
88660410
86557430
86561557
87653002
86565338
89950892
86635804
86633700
89038274
89041909
89049252
89054200
86821457
88640003
86883889
90743769
88762848
87009409
88823261
88822378
88822609
88821685
88821823
87316086
87318852
87324846
85410759
85418057
89180912
87572154
87578976
88093924
89364334
89366104
88947417
85627407
88618517
87876957
85746970
85695004
85699766
88044865
89290758
85818033
85802647
92586437
89330172
89524149
91458820
85982982
85989334
92942503
88415459
91693447
88743763
88533127
91812282
88590858
92058189
92203287
88715696
90147702
90141681
92318957
93627781
92281602
93681467
93678398
93674463
91977284
86793541
93315185
93303659
93153980
93152921
92979079
89519811
92061815
89081143
88706326
87303494
87306088
88807083
96194195
87419742
87355627
91919726
93810796
92999123
92996339
92978852
92977649
94115129
89358156
89356266
91956651
89411865
94331027
89442336
89422192
94434900
94433068
88236809
92730902
88223253
94559912
94588680
88274509
94662644
93133607
94234551
94229677
92809843
93325717
93261397
94458387
93326098
93319525
93630352
93216893
94681567
94674346
94665620
93858680
93876160
90029223
94771569
94859602
94799074
90574485
92960010
89142997
89139495
94528100
90666685
94624383
95399734
95385196
89368043
95429767
95426326
91669539
91661297
91656569
89560221
90523316
91753654
92073402
91802099
92376687
95978489
96491182
96426153
96410828
95642853
96441667
96695506
91790128
95786714
95778580
95482636
95712749
95530328
95922333
95572530
95559655
96142699
96031655
96180865
96156554
95766008
95757893
95749918
96290983
95789802
97126621
95824210
92305013
95894571
93547895
97618891
95776644
97592049
98661630
97631425
97623669
96514735
96504543
96496261
96488617
99159403
94179056
93907525
93897379
93886449
93769571
93763770
96819747
96812145
96809096
94400770
97690333
96891029
96899615
97786787
97776293
97757560
97034453
97801062
97067391
97048022
97035741
96944770
97965893
97889499
97879317
97868549
97857060
97132685
97119006
97051737
96981859
98308169
98054272
98040727
98030159
98016868
97308237
94391219
97380749
95057858
94132446
102404564
102513987
102369169
102224649
102401910
103925158
102365134
102344417
102837158
98379927
94542437
101978176
101946747
101792248
101777412
101763322
98615941
103151935
101838816
94869207
101863276
101848969
101778146
101285435
101210584
101176913
101157451
101138142
102082475
101475602
101196869
101180931
101164861
100733250
100702476
100627555
100726646
100635321
100613793
100596527
100572463
100557817
100541416
100527337
100502179
100484675
100467521
100451420
100387546
95863140
100413432
100396606
100379522
100363392
100344390
100205190
100089782
100068145
100052069
97693697
100074243
96960980
100093931
100573131
100116720
100716497
99585774
99180776
99150129
99133296
99115572
99084116
99041718
99024862
99002103
99986765
98967677
98951130
98933021
98914795
98898299
98863070
101763370
98882561
98865761
98849122
98831250
98813794
98784557
98695291
98674889
98665971
98652126
98639392
98171581
98659401
98629665
98611092
98593087
98511529
98492704
98472942
98673313
98491091
98416131
98395499
98375002
98355766
98338256
99514812
99526052
103386311
103305093
103286249
103266675
103237224
102959881
103250942
102976761
102960799
102939525
102916899
103374548
104096476
104199672
104109204
104917292
104044719
103537758
104054093
100439762
103586005
100440355
100420333
100271020
102165129
101756910
104271227
101767546
101733570
104310577
103861504
101776494
103749162
103656242
103700791
103791539
103644590
104521197
103634449
104531043
103819186
103795805
104566930
104541122
104515831
104492933
104468032
103911355
100396274
103841380
100448864
101660019
103881141
103856014
103778516
101269040
101245811
103818111
103298882
101286789
102377895
100755357
101323942
102756398
102710700
100824303
108658799
110464647
108113858
107951147
107925182
105121133
102885360
105127846
102887128
102859568
102833769
102811102
102786332
105251365
102789366
102763915
104823107
104796547
104770567
104743056
105404298
104196294
105706440
106235989
105390585
104255491
105767687
103801176
103774514
105797708
102279543
103986573
102678375
103863259
105695932
105856797
103873703
102424336
102395426
102360429
103912192
103885553
103853123
110239464
105915327
106065034
105915590
110164086
105821066
106196041
109208437
102644902
102615121
105036868
109261619
105811714
102670128
102641999
109314141
102640472
103925272
109338211
102664108
102634485
102605262
102577220
109415370
104098965
102602400
102573622
102522451
102495635
109517484
102496493
106358016
109007135
104286051
109000454
104283863
108979155
108944430
109223283
108937048
108898135
104384952
108838010
108387701
108946697
108369136
108336582
110651412
108330458
108281437
105160052
108270164
105155340
108264057
105153778
105121839
105089482
107126308
104762514
104719870
108373141
108342560
104736729
107216090
104732931
108384131
105228950
105301813
105254380
105221716
105190500
105159496
108489788
107398089
108477559
107388598
107354685
104965437
104881034
106876787
104873237
104841569
108606776
104834122
106938036
108623914
108590186
106562607
108581560
108549941
106570950
106537038
104925469
104895214
104853933
105605376
104843428
105592837
105561689
105510829
105476176
104895209
105463770
108803769
108769033
108677751
105496179
108661590
105486332
105450855
105405292
108861772
108440619
106960045
105434337
106946032
106872940
106836885
106797582
105220152
106782937
105205660
105170205
106789160
108403833
106775685
109036584
105641397
106780915
109032685
108996693
105659407
106804225
108973429
105356901
105320795
106827724
105303217
105269556
108959617
109266758
105271628
105235719
105179154
105143249
105106396
106095398
106966156
106930384
106439182
106912389
106876451
109438602
106027998
106878534
106008814
105971204
105933977
105898762
109277716
109505114
106950063
109275052
106921614
109931712
109273915
109233760
106934916
113971310
109474322
109246985
108712493
106949330
106106531
106067590
106028557
106962238
106006272
106940417
105986256
106919097
106880890
106840939
109651270
107386517
106030481
105974075
105929401
109677576
109863232
109596877
109062773
105954725
106954487
105933246
106929486
106890463
106842857
106804825
109133951
108706334
108651552
106811486
106771515
106731594
108658378
108618280
106720638
106680720
108588190
108529071
108485686
108441226
108401790
106713241
106671529
106631873
106590866
106552425
108435399
108395797
108353334
108310005
108270908
106579040
106522308
106480339
106438818
110231673
108288347
108246970
108206296
108165283
108126939
108072946
108031276
107990156
107930388
107889315
107848651
107752915
107708551
107699646
109407023
107712528
109362584
109318365
107689185
109287744
109149933
109102196
109054947
109011338
108968885
109279259
107716546
108947444
108901956
107697379
108869501
107662932
108835054
107628727
107585866
108739506
107551385
107456727
107411712
107369100
107325688
107281827
107214424
108774586
107179048
108741054
108697054
107154159
108650257
108605405
108329985
107655016
108579144
108516770
108477605
108431953
108386287
108340282
108291922
108236156
108189192
108140137
108085331
108038489
107992110
107945321
107898159
107852052
107803403
107757462
107710145
107663216
107616397
107569426
107501435
107454332
107406054
109191104
110036400
109976516
109928429
109880842
109812247
110134384
109754067
109702738
109596930
109549973
109502130
109454129
109405232
109339160
109694981
109296342
109248986
109201384
109153515
109105946
109045766
108998119
108950373
108883238
108833932
108785180
112944795
108744634
108695478
108644466
108585370
108535943
108486090
108428526
108379689
108328802
108280569
108230942
108181504
108130573
108080642
108032947
107983614
107934640
107885417
107813212
107764431
107714225
107937282
107871163
107815100
107765474
107727675
