========== elapsed time (point query) ==========
Average latency per query: 22.090709 ms
median latency per query: 25.276218 ms
Collected 1000 measurements
========== single results =================
2673482
3879894
4405124
4825072
5310056
5764885
5913519
6613616
6724842
6699101
6757154
6814503
6286610
6340495
6398107
6382462
6440799
7601398
6478453
6533885
7446720
7471770
7464340
6934858
8029342
6970236
7815655
7065507
7072860
7925620
7181514
7954545
8468247
8517556
7526181
8306412
8360268
7611590
8393405
8440614
7694278
8462010
8516866
9026248
8033616
8080439
8858174
8115729
8896996
8147282
8911029
9415624
8421735
9508775
9242773
9286706
9643561
9311080
9353985
9467963
8852066
8898220
9539189
8990992
8971232
9018288
9064487
9042702
9261465
9388823
10548717
9482170
9508850
10457580
9648212
10490478
9805878
9862413
10046772
9892080
9946581
10126164
11213683
11270299
11314340
11049786
11092404
11140040
11128603
11168376
11210737
10665064
10710140
10753528
10736243
10778654
10821196
11907203
11950404
11684119
11730763
11702614
11753395
11208805
11252066
11163281
11278135
11322281
11233127
11345695
11388810
12539868
11414595
12319329
11505095
12334851
11654818
11697650
11878407
11724215
11766217
11946128
13037632
11974834
12820626
13179859
12051469
12890404
13012920
13366409
12436826
13143767
13118957
12506592
13199238
12661266
12704095
12687845
13768548
12774283
13545225
12793764
13556476
12883813
12866729
13113799
12960180
14177187
13184030
13156719
13999041
13245936
13225480
14054313
13315783
13559198
14577166
14621125
13628734
14399915
14443188
13688848
14455048
14498026
13757381
14002625
14048970
14036886
14011621
14124860
14034849
15245796
15290097
14246672
15083823
15121210
14303672
15127042
15172650
14494491
14668166
14707963
14554797
14733413
14778832
15848103
15580627
15924259
14859358
15621762
15737510
14918825
15160416
15781126
16201194
15209433
15309569
16010114
15250199
15360395
16045524
15299096
16512242
15584751
15490878
16321978
15633383
15540199
16358682
15548606
16818033
15889655
15793387
15903624
16667550
15846093
16668383
17095530
15897945
16206045
16905552
17245302
16902314
16294123
17059859
16435945
16337721
17096316
16487972
16389556
16627931
16534290
16434807
16678930
16584409
17782887
16722099
16628072
17593691
16770787
16870573
17631438
16824827
16929291
17168789
18170690
16971858
17218243
17981827
18321491
17977956
18394491
18131964
17512646
18212231
18174296
17566903
18253338
17708531
17609498
17781693
17755807
17657115
17824740
17798007
17697160
18977792
17852941
19057372
18796319
17902857
18868879
18830218
18866310
19282813
18357804
18393232
19092484
18404285
18440226
19129432
18449121
18620649
18522294
18496458
18662338
18567540
18539166
18719721
18611920
18788293
18764609
18797303
18901400
18815896
18847558
18951808
20154660
18958230
19059180
19964720
19127873
19102993
20000332
19173798
19491980
19393330
19355138
19535256
19441351
19398212
19446239
19623438
19590037
19643762
19663358
19634458
19707759
19734133
19839478
19881821
19852307
19957566
19927581
19963342
20067686
20104447
20076095
20179479
20149654
20186174
20290793
20328058
20298837
20401769
20372161
20408021
20520588
20557073
20528592
20633391
20604425
20720724
20694353
20816717
20791715
20827554
20925384
20952796
20914782
21007869
20972783
21000555
21094177
21120327
21082274
21174162
21137686
21164440
21255264
21281474
21244813
21275330
21300536
21327332
21353786
21380051
21407603
21434717
21461034
21488622
21516526
21544221
21571962
21598387
21624486
21651446
21683165
21708250
23123589
23070723
22796877
22754391
22204021
21894446
21920348
22222652
23379953
22219904
22188190
23390746
22182973
23156518
22171357
23133775
22578582
22535621
22497134
22307471
22507995
22385689
22496504
22439649
22482007
22551750
22579287
22604655
22629631
24075410
22691542
22724058
24081540
22777813
23835492
23784627
22859310
23256306
22913578
23240217
22966646
23229665
23189949
23081772
23211381
23165522
23162051
23187514
23212410
23237049
24692391
23290220
24665565
24392198
23373301
24370394
23814569
24886564
23482267
23827709
24667222
23817952
24642792
23817581
23660656
24667960
23840787
24140050
23824318
23806064
23832433
24180586
23886084
24172206
23942286
24162088
24120397
24023640
24104603
24079684
24106926
25880677
25549002
25276218
25225881
24670504
24628429
24589553
24552666
24365103
24538611
24497397
24443326
24471005
24496743
24523253
24549119
24578938
24605220
24636874
24662627
24688607
24711360
24734821
24760785
24786503
24813140
24840033
24867786
24895741
24916177
24927467
24953088
24980617
25013258
25040408
25067406
25094613
25123077
25151771
25177624
25205467
25232802
25266970
25278626
25291620
25300819
25309485
25319352
25328403
25337298
25345720
25400554
25421810
25433149
25442999
25452082
25461102
25473485
25485520
25491311
25502799
25509982
25518386
25537555
25545263
25555038
25563877
25574071
25582951
25591304
25597155
25605577
25615344
25624227
25632658
25641329
25649956
25659707
25668520
25676911
25685455
25693728
25703549
25712469
25720630
25728860
25736900
25746581
25755083
25763674
25771684
25780445
25800194
25809829
25818422
25826445
25834764
25844150
25857914
25866255
25874047
25881858
25890964
25899578
25907464
25915508
25923260
25932687
25940809
25949099
25956773
25964413
25973561
25982119
25989988
25997808
26005368
26014554
26019939
26027526
26035734
26043399
26052290
26060257
26068108
26075609
26083087
26092162
26100183
26107962
26115506
26123048
26132319
26140383
26144638
26151895
26159362
26168307
26176262
26184081
26191412
26199390
26208541
26216313
26223665
26230925
26238207
26246918
26254654
26262015
26269834
26276926
26285498
26292763
26297613
26304772
26311766
26325094
26333333
26340561
26347671
26355201
26363856
26371488
26378686
26392600
26397412
26405857
26413621
26421068
26428452
26436204
26444744
26452440
26459389
26466327
26473183
26481845
26489228
26497327
26504661
26512002
26520595
26528103
26535100
26541638
26548321
26555531
26565935
26571507
26578087
26584755
26592877
26600791
26607385
26613937
26620466
26628170
26635636
26642338
26648814
26655206
26663172
26670373
26676776
26683306
26690017
26698132
26705167
26711644
26718737
26725398
26733207
26740193
26744108
26750569
26757002
26764633
26771526
26778131
26784734
26791311
26799262
26806058
26812566
26818652
26824757
26832206
26839175
26845861
26852788
26859304
26866807
26873536
26879668
26885760
26891651
26898878
26905482
26911533
26917728
26923630
26930983
26937362
26943491
26949520
26955432
26962685
26969247
26975691
26981578
26987522
26994749
27001060
27006935
27012820
27018717
27026087
27032600
27038397
27044168
27050055
27054858
27061356
27067380
27072945
27078975
27087865
27095093
27101223
27107881
27114365
27121970
27128272
27134376
27143789
27148422
27155739
27162034
27168219
27174276
27180461
27187833
27194867
27207013
27213127
27218932
27226318
27232688
27238696
27244424
27249986
27257006
27263446
27269210
27280619
27286564
27294111
27300405
27306053
27311852
27317194
27324204
27330646
27336317
27341723
27347381
27355053
27361380
27367462
27370636
27376035
27383219
27389488
27395108
27400724
27406403
27413093
27418919
27424433
27430012
27435526
27442360
27448289
27454022
27459181
27464435
27471365
27477558
27483281
27488809
27494400
27500954
27507084
27512487
27517736
27523278
27530143
27536189
27541747
27547022
27552107
27558890
27565118
27570815
27577544
27583693
27590646
27596887
27602556
27608065
27613076
27619638
27625160
27630469
27635462
27640376
27646711
27649604
27655133
27660205
27665162
27671882
27677549
27682688
27687790
27692711
27699404
27704952
27710135
27715235
27720370
27727362
27735042
27740413
27745440
27750273
27756629
27762197
27767588
27772667
27777412
27784242
27789945
27794803
27799624
27804656
27811008
27816428
27820994
27826083
27831171
27837221
27842190
27847257
27852197
27857036
27863415
27868909
27873797
27877717
27882640
27888381
27893294
27898218
27903050
27904912
27911129
27916519
27921046
27925907
27930777
27940099
27945352
27950341
27954914
27959764
27965842
27970884
27975236
27980978
27985439
27991538
28002269
28007128
28011573
28016195
28022232
28027172
28031571
28035816
28040422
28055877
28061047
28065684
28070730
28085251
28092140
28096999
28101748
28106224
28110657
28117583
28122654
28127597
28131980
28136839
28145740
28164315
28169996
28174836
28179314
28187168
28192412
28194636
28199152
28203284
28209665
28214483
28219057
28223512
28228109
28234229
28238841
28243081
28247542
28251873
28258075
28263042
28267531
28271751
28275774
28281596
28286199
28290440
28294836
28298886
28304570
28308892
28313176
28317865
28323947
28330253
28334510
28338731
28342868
28350844
28357128
28372009
28380937
28385766
28389960
28396042
28400622
28404815
28409171
28413982
28419918
28424242
28428192
30677961
30597060
30301775
30228446
29650045
29585771
29524196
29464860
29400751
29336132
29232696
29140170
29076374
29003505
29096241
29037085
29008028
28946951
28879764
28813993
30991857
30913407
30618383
30545204
29966441
29901198
29838556
29779048
29721676
29656559
29553182
29460150
29397026
29323390
29257618
29191241
29122933
29059448
28992307
28932594