========== elapsed time (point query) ==========
Average latency per query: 19.246015 ms
median latency per query: 21.705845 ms
Collected 1000 measurements
========== single results =================
1790226
1900262
3160941
3001599
4066946
3773695
4597311
4066162
4786543
4213245
4915518
4332348
5054373
4472593
5167955
4582241
5277461
4695307
5390162
4804366
5508270
5549183
4957786
5009297
5690139
5105253
5796008
5842927
5255554
5301254
5986217
6034838
5445724
5500034
6177560
6214684
5616881
5656582
6331412
6368652
5772050
5808980
6484565
6524797
5934797
5972760
6655543
6699447
6105032
6149868
6829349
6871570
6278615
6317761
6989547
7026204
6431546
6471000
7142150
7178713
6591404
6629130
7299102
7337188
6747459
6784635
7451160
7490212
6901032
7567775
6978108
7643860
7059877
7732354
7143216
7808293
7223897
7260037
7925301
7962052
7380144
7418139
8085905
8122987
7536281
7573705
8237377
8276193
7691349
7728304
8390769
8426731
7842546
7880040
8543021
8580346
7995961
8037801
8699803
8742992
8158065
8196179
8859337
8896347
8312105
8412367
9073436
8489236
9155751
9190163
8606543
8641415
9306225
8720077
9380943
8795459
9460141
9496852
8913361
8945365
9610278
9650333
9070510
9107808
9772552
9810987
9223562
9272625
9937586
9978474
9388548
9427815
10092125
10129091
9542025
9578583
10240917
10278904
9731262
9769284
10431485
9844469
10508452
9922557
10589387
10006824
10667363
10711925
10128067
10165379
10825551
10862124
10280092
10318261
10978486
11014657
10439150
10478291
11137836
11175394
10593166
10629778
11290437
11326833
10743807
10781633
11440754
11478522
10896644
10933455
11600233
11637047
11062513
11100323
11759437
11796298
11214875
11255354
11921035
11964711
11385014
11422679
12081650
12119753
11539986
11577210
12233544
12272158
11693339
11730584
12386395
12423179
11846688
11884184
12539749
12579944
12001951
12047866
12702803
12741697
12164488
12202047
12858515
12895801
12318958
12356585
13015317
13054086
12478916
12516398
13253809
13294004
12723804
12765577
13419454
13457266
12882526
12928325
13586249
13631726
13057079
13080417
13747168
13784114
13194845
13231776
13896761
13934668
13346482
13383573
14046306
14082243
13498530
13535777
14196846
14233204
13648014
13686546
14340723
14381282
13794450
13833361
14502802
14543285
13961494
14005740
14662039
14700505
14120724
14157816
14811195
14843332
14271786
14316229
14966196
15005673
14436768
14476760
15121798
15157822
14589196
14625906
15270189
15306475
14739930
14776500
15416835
14852045
15491548
15530290
14972965
15610611
15049233
15687029
15124064
15759368
15199035
15235671
15870678
15906042
15346486
15382908
16017489
16053651
15497111
15533408
16163841
16200994
15646458
15685682
16314044
16349924
15798387
15835386
16464794
16500532
15955667
15993838
16618275
16654159
16106611
16143148
16766169
16801730
16255171
16291985
16911986
16948851
16404544
16441619
17059608
17094755
16553409
16592151
17208002
17243688
16702764
16740593
17355568
17391114
16852043
16897619
17511115
17552634
17015828
17052159
17662761
17699620
17165929
17202714
17811197
17846652
17314743
17351910
17958435
17994192
17463638
17501496
18106711
18143751
17614116
17650650
18255203
18291334
17763446
17800317
18406624
18446651
17922354
17964719
18563683
18600267
18077128
18115265
18712062
18747476
18226140
18264373
18860627
18990905
18462304
18486873
19073879
19098109
18566412
18589366
19176807
19206991
18680291
18703694
19279320
19300702
18776797
18800175
19373968
19407409
18887328
18913294
19495282
19517173
18993131
19017182
19594079
19620235
19098248
19121289
19692587
19716602
19196617
19224411
19790744
19812227
19294913
19320564
19882676
19362514
19923494
19405604
19965976
19985220
19469882
19511623
20076705
20096192
19580090
19599561
20154068
20174527
19661639
19681544
20247119
20272397
19764259
19788231
20340002
20358533
19852276
19872559
20421861
20439849
19940505
19959407
20508384
20526766
20019874
20038412
20582915
20601781
20097348
20115690
20658308
20675752
20173320
20192860
20734123
20230330
20771046
20790039
20289214
20307448
20845416
20862615
20363891
20382391
20919232
20936787
20438535
20457744
20992390
21009283
20512850
20533375
21067165
21084749
20590624
20608086
21138455
20646388
21175996
20683210
21211444
20718757
21247838
20756824
21283145
21299434
20809787
20832009
21357214
21374292
20886138
20909349
21433825
21450772
20964222
20981866
21502756
21520140
21035621
21052254
21571296
21587089
21105801
21123740
21641241
21653947
21175039
21193255
21705845
21721331
21244590
21260889
21772336
21788144
21312917
21330383
21838644
21855939
21383418
21399568
21906363
21921842
21451617
21482581
21987696
22000297
21532711
21550196
22050334
22065032
21600436
21665399
22170088
21709066
22203717
21743496
22236558
21790509
22283437
21827561
22319433
21860401
22353164
21903352
22392972
21935740
22424091
21968985
22456884
22001541
22487892
22033175
22519767
22066198
22550443
22096805
22580644
22129948
22613518
22161984
22651016
22200921
22683516
22233608
22713445
22755747
22279751
22307452
22775732
22789355
22341912
22357107
22835219
22849228
22403475
22417903
22892887
22907927
22463985
22478352
22951529
22964846
22523861
22538645
23009749
23022767
22582299
22598557
23068468
23081826
22642362
22656401
23126013
23140537
22702785
22716215
23182060
23196718
22761610
22775301
23238881
23261068
22829459
22843494
23305180
23320553
22891169
22906619
23363464
23375839
22948150
22961523
23417406
23430394
23004724
23018200
23471698
23485867
23062032
23075756
23527231
23539409
23117676
23146320
23595505
23604366
23179366
23190363
23633818
23642073
23218400
23226555
23669478
23677714
23256114
23264549
23704067
23713526
23294210
23302586
23740778
23748154
23331076
23340160
23775920
23783434
23367502
23377827
23812441
23820014
23405339
23413740
23847871
23855840
23442164
23450764
23881042
23889782
23479169
23488652
23917319
23506118
23933635
23524587
23950268
23541840
23971099
23976917
23571804
23578949
24002703
24009685
23607093
23615972
24036683
24044444
23642572
23652070
24071677
24079335
23678627
23686439
24105304
24113003
23714402
23722708
24138150
24146824
23772635
23781048
24194621
24201884
23808169
23816735
24228755
24243079
23850212
23860031
24270008
24276787
23885295
23893424
24302435
24310237
23920703
23928605
24334265
24342491
23954894
23958417
24367326
24374360
23984320
23992328
24400027
24407030
24017014
24026464
24432560
24439398
24051299
24059084
24464528
24479970
24094067
24101873
24503162
24511165
24127601
24135340
24534860
24541646
24160154
24168480
24566600
24573199
24192291
24201106
24597506
24604127
24225089
24232550
24628582
24635641
24258282
24266064
24658115
24666173
24291162
24298647
24688937
24695451
24322524
24330574
24719727
24726526
24354375
24363100
24750310
24756330
24385783
24392902
24779157
24787752
24418939
24439179
24822661
24830407
24464021
24471506
24852987
24859124
24495569
24503176
24882594
24886819
24524770
24533154
24909400
24915628
24555638
24562569
24933020
24938983
24586204
24593452
24960107
24968151
24617535
24625748
24990292
24996722
24648383
24655556
25019391
25025397
24676834
24685293
25048279
25054040
24707242
24783079
25164272
25175917
24830924
24837045
25195961
25203399
24859746
24866152
25223814
25229795
24888740
24895961
24902817
24908545
24915055
24922802
24929830
24936345
24942834
24949303
24958099
24964877
24971313
24978339
24985275
24993800
25000996
25007710
25014308
25020838
25028674
25035765
25042230
25048467
25054765
25062516
25069395
25076043
25082245
25088231
25096288
25102917
25109519
25115661
25122002
25129512
25136218
25142166
25148658
25154803
25162469
25169172
25175264
25181212
25187511
25194892
25201459
25207349
25213490
25219633
25226854
25233473
25239481
25245408
25251487
25259051
25266095
25271924
25278036
25284262
25291395
25297523
25303560
25309548
25315253
25322609
25328843
25334634
25340273
25346041
25353415
25359966
25365601
25371605
25377519
25384490
25390654
25396545
25402458
25408018
25415288
25422006
25427904
25433403
25439258
25446278
25452387
25458323
25464386
25469896
25476882
25483247
25489129
25495083
25501072
25508382
25514863
25520373
25533299
25539170
25546695
25552809
25558777
25565116
25570829
25577876
25583940
25589649
25594994
25600336
25607240
25613174
25629129
25635538
25641119
25647665
25653564
25659003
25664314
25669790
25679926
25685661
25691359
25696837
25702181
25709122
25715130
25721007
25726027
25731501
25752866
25758774
25764195
25769546
25775935
25783002
25825614
25831233
25835825
25840306
25846527
25851647
25855979
25860502
25865024
25870695
25875661
25880075
25884916
25889464
25902687
25907573
25912037
25916456
25920805
25926595
25931235
25935812
25940179
25944364
25950292
25954999
25959276
25963997
25968494
25974276
25979112
25983293
25987537
25991927
25997700
26002175
26006805
26054612
26059578
26065664
26071024
26075080
26079187
26083510
26089098
26093293
26102939
26112526
26116890
26122813
26127009
26131101
26135304
26139091
26144395
26148728
26152715
26156532
26160245
26165336
26169270
26172962
26176780
26180262
26852456
27280199
26640916
26386784
26302247
27313724
26663687
26325652