========== elapsed time (point query) ==========
Average latency per query: 19.518389 ms
median latency per query: 21.046776 ms
Collected 1000 measurements
========== single results =================
3071112
3935635
3854108
4334617
5390095
5708766
5216016
5274119
6072369
6140323
5483705
5544405
6326874
6405169
5742663
5815773
6592582
5928303
6712216
6768288
6105138
6160834
6937091
6994612
6330650
6384910
7159425
7220012
6560313
6663605
7440254
7494349
6831161
6887681
7665605
7719807
7066030
7105854
7870273
7909186
7228108
7266846
8028505
8069056
7387563
7425889
8187594
8226662
7547057
7585894
8347438
8380496
7704266
7743946
8501881
8540206
7862270
7901186
8660654
8703180
8026005
8065639
8822698
8864236
8187382
8225600
8983139
9022478
8345997
8385133
9142821
9181631
8503811
8545513
9305004
9343645
8664992
8722823
9485403
9524015
8846299
8885090
9645084
9685705
9007684
9046549
9805558
9844595
9169184
9208841
9968069
10006518
9331516
9373580
10132819
10171566
9492724
10249979
9572105
10331074
9650861
10410488
9730239
9777248
10532392
9853347
10618987
10656862
9981163
10019820
10778400
10822645
10143783
10184719
10944557
10980295
10304143
10341766
11099845
11137819
10461608
11225735
10549897
11308879
10633328
10671246
11428231
11479517
10805710
10846781
11601130
10925489
11679678
11002622
11758817
11080145
11840455
11875747
11203296
11238910
11994729
12031894
11354450
11394775
12151615
12188613
11511182
11548813
12307019
12344774
11667001
11705312
12462105
12501402
11823854
12578698
11900253
12655916
11978717
12735618
12056910
12812739
12133683
12892042
12213328
12968647
12289620
13046137
12369057
13125121
12446961
13202868
12524494
13282674
12605175
13369037
12690508
13445754
12770108
13525644
12847298
13603074
12925304
13683371
13005685
13761191
13082554
13839411
14033438
13204153
14117871
13999895
13491324
13364041
13576221
14159795
14197261
13521464
14285268
13609910
14363458
14401625
14446597
14486021
14527402
14563613
14602263
14638100
14684094
14720237
14758941
14793863
14831634
14870895
14910280
14943677
14980400
15015540
15058945
15095292
15172602
15210192
15245052
15285416
15323872
15361873
15399576
15437405
15482259
15521307
15560245
15598698
15636679
15674797
15716404
15752629
15790376
15828208
15868048
15907250
15945322
15983335
16021201
16058335
16101354
16139396
16177378
16216225
16249354
16275829
16303154
16329737
16356771
16391592
16419278
16452158
16479038
16506152
16534631
16561299
16587170
16613523
16639869
16668494
16693468
16722478
16746564
16772120
16798383
16827234
16851061
16876360
16901773
16929272
16954853
16980207
17005284
17030809
17056759
17085263
17108809
17133967
17160015
17195258
17221138
17246489
17271750
17296840
17323960
17349646
17374734
17400439
17425154
17451493
17475471
17503043
17526016
17550733
17575403
17603570
17626845
17651289
17675848
17701765
17726420
17751531
17776176
17800358
17826705
17851834
17876219
17900465
17924468
17950177
17975204
17997336
18024769
18046543
18072167
18101708
18123029
18146998
18170976
18196053
18220113
18243161
18266496
18290335
18316132
18340014
18363380
18386546
18409749
18435112
18458788
18481841
18505041
18527709
18553241
18576829
18600119
18622511
18645628
18669920
18693346
18715992
18738642
18613593
18634649
18657587
18679138
18701873
18723078
18747217
18774284
18792160
18822827
18843960
18867690
18894577
18915834
18938499
18960816
18984842
19007867
19029913
19051775
19073605
19098213
19120884
19143439
19165706
19188048
19225061
19247343
19269362
19291443
19313773
19337256
19359767
19382698
19405858
19431897
19459909
19483143
19504277
19524858
19553697
19575997
19598477
19620477
19647896
19669529
19695674
19716566
19741241
19759678
19782313
19802545
19822697
19842726
19862520
19882034
19904189
19949755
19969898
19989053
20007823
20026819
20048533
20065595
20084844
20103769
20124006
20143365
20161629
20179810
20197715
20218348
20237188
20254100
20272099
20294412
20311886
20330474
20348610
20366933
20385156
20404603
20419455
20440461
20463142
20477977
20497774
20516902
20534705
20552220
20569998
20589023
20607286
20632476
20650554
20667931
20686952
20552180
20539466
21453226
20760895
21482225
20806734
21531931
20846191
20335271
20344432
20360638
20385930
20390544
20405779
20424980
20441178
20458125
20474106
20490821
20508010
20524448
20540547
20555924
20571175
20589062
20605077
20620581
20637060
20652628
20669004
20685665
20701122
20716405
20731266
20649675
20665270
20681062
20696229
20712401
20730692
20747284
20763592
20779482
20795606
20813052
20829288
20845423
20861486
20877594
20894832
20910949
20926858
20942973
20949269
20965937
20982283
20998820
21014601
21030274
21046776
21062979
21077992
21093326
21102896
21088336
21101782
21117237
21169886
21194979
21214612
21231289
21246804
21262199
21277757
21305562
21321430
21336397
21351067
21364049
21381124
21396239
21410733
21425900
21440724
21457048
21481188
21497317
21512214
21526878
21543213
21558235
21572621
21587246
21601276
21617725
21632629
21647134
21661197
21675194
21690721
21705342
21719284
21733274
21747338
21762797
21777913
21842120
21857188
21871855
21888080
21902600
21916444
21930662
21944787
21960039
21974148
21987773
22001351
22014661
22031231
22045175
22058098
22071813
22085968
22102020
22115823
22128993
22142146
22155511
22170161
22183872
22197152
22210230
22223024
22237753
22251164
22264390
22277501
22290139
22305014
22318549
22331856
22344454
22356941
22371113
22384774
22398012
22410620
22422957
22437004
22450080
22462846
22475489
22487875
22501775
22514974
22528299
22540878
22553200
22567308
22580354
22592901
22605321
22618114
22632042
22644905
22657315
22670270
22682901
22696642
22706084
22718190
22730343
22743338
22757104
22771160
22783428
22795334
22807511
22821141
22833576
22845498
22875050
22887487
22901445
22914018
22926066
22937694
22949511
22961058
22971538
22984137
22996132
23007935
23020947
23034184
23046421
23058220
23069684
23082519
23094632
23105955
23117080
23128333
23339667
23153221
23165356
23176434
23187769
23200260
23212510
23223727
23234617
23245521
23258535
23269915
23281020
23291646
23302401
23314639
23326367
23337141
23348024
23358576
23371026
23382248
23393170
23405086
23416198
23428433
23440903
23451797
23463029
23473762
23486083
23497170
23507570
23516514
23526873
23538772
23549625
23559756
23569927
23580347
23592354
23603145
23613396
23623787
23633881
23645372
23656517
23667397
23677527
23692684
23705157
23716014
23726215
23736035
23746691
23758600
23768919
23778727
23788437
23798156
23809294
23819434
23829788
23839221
23848700
23862092
23872619
23882658
23893106
23902448
23914632
23924549
23934995
23944235
23953938
23965057
23974850
23984038
23991396
24001028
24011471
24028494
24032374
24041369
24050275
24060984
24070388
24079813
24089099
24098176
24108404
24117771
24126645
24134136
24146486
24156277
24166852
24176072
24184483
24192911
24203388
24212830
24221929
24230563
24238949
24249175
24258320
24272162
24280863
24289542
24299369
24305754
24314122
24322830
24331012
24341650
24350518
24359367
24368470
24377982
24388330
24395543
24407437
24415175
24423255
24433573
24442525
24450952
24459326
24467829
24477637
24486558
24494737
24502871
24511075
24521169
24530237
24537865
24546030
24554060
24563908
24572522
24580411
24587056
24598649
24606750
24615329
24623090
24630983
24639037
24647890
24656261
24664230
24671858
24680063
24689803
24699958
24708912
24717498
24725371
24734908
24744023
24751383
24758760
24766737
24775576
24783528
24790952
24798391
24806120
24815130
24823310
24830551
24838095
24845411
24854916
24862625
24870019
24877211
24884760
24893823
24901371
24908418
24915358
24922378
24931264
24939813
24947066
24954369
24961487
24970462
24978546
24985708
24992436
24999366
25007883
25015277
25022332
25029477
25036269
25044689
25052305
25059423
25066676
25073733
25082458
25089613
25096128
25103053
25110190
25118569
25125732
25132565
25139053
25145596
25153652
25160802
25167790
25174576
25180941
25189189
25196342
25203061
25208169
25215069
25222915
25229751
25235929
25242532
25249126
25257669
25264118
25270384
25276296
25282735
25290447
25297718
25303719
25308246
25314539
25322126
25328467
25334709
25341615
25347514
25355654
25362164
25369002
25375628
25381586
25388918
25395530
25401454
25407341
25413060
25420662
25425531
25434809
25439520
25445667
25451499
25457915
25468389
25471184
25476727
25484146
25490300
25495899
25501261
25506852
25514281
25520037
25536999
25543122
25548522
25555934
25561747
25567220
25572777
25578388
25585172
25591705
25596993
25601994
25605653
25612361
25618090
25629279
25629930
25634892
25641828
25647521
25652512
25657449
25662068
25668622
25673889
25679511
25684399
25689129
25695613
25700606
25705167
25710422
25715635
25721998
25727229
25731905
25736834
25741492
25747988
25752979
25757870
25762341
25766910
25773510
25778235
25782596
25786925
25791849
25798099
25803496
25807573
25811795
25816128
25822247
25833730
25838290
25880354
25885113
25891552
25895315
25898871
25902568
25906011
25911419
25915394
25918894
25922209
25925736
25930690
25934315
26429828
26483899
26681282
26139653
28226176
28229391
27531347
26438439
27543369
26456326