========== elapsed time (point query) ==========
Average latency per query: 19.615954 ms
median latency per query: 20.875439 ms
Collected 1000 measurements
========== single results =================
4790789
5807241
6376275
6690171
6883882
7046833
7133976
7212352
7268274
7325527
7387346
7442227
7512857
7559787
7614618
7670335
7726698
7778159
7830367
7489731
7539683
7592380
7654082
7707223
7763377
7812734
7865346
7917927
7970476
8024686
8077090
8129192
8181598
8234200
8289161
8342240
8394636
8446951
8498944
8553039
8593380
8638750
8767819
8810071
8852228
8889987
8927697
8966006
9017159
9055205
9096529
9131769
9169271
9205291
9248138
9283797
9335455
9372783
9401926
9441725
9485641
9516174
9557071
9592803
9632329
9674000
9711295
9749612
9786551
9825895
9863538
9900421
9937135
9974502
10014077
10051297
10087848
10123088
10164362
10200823
10239043
10276313
10313050
10349699
10392813
10430513
10467868
10510827
10548968
10589311
10627003
10664178
10709592
10747959
10787081
10823860
10860353
10903406
10942086
10979758
11016467
11053866
11090265
11126791
11179156
11204511
11240909
11277367
11314531
11351152
11388733
11425325
11471328
12183837
12178712
12222406
12259577
12319191
12340539
12386556
12778293
9910726
9928930
9929549
9958060
9988718
10019355
10056135
10089091
10124973
10156742
10193843
10232205
10268950
10305171
10345565
10380992
10418452
10455212
10492557
10529521
10566332
10602709
10639599
10678229
10715435
10752530
10789482
10826343
10864348
10899861
10934974
10970527
11006554
11043120
11077669
11119742
11155763
11191979
11229056
11264800
11301490
11336931
11373460
11410172
11447103
11485223
11521360
11652740
11598567
11634209
11669758
11704359
11741391
11779694
11816409
11853194
11888627
11925887
11963395
11999349
12035031
12072086
12108994
12276984
12185517
12220710
12256299
12292005
12329901
12367116
12403232
12438353
12474806
12512161
12549400
12585442
12620989
12658548
12695997
12732096
12768957
12805455
12840901
12878634
12914360
12951223
12987239
13023610
13060377
13097263
13133484
13169053
13205487
13249380
13286127
13323478
13359114
13395542
13426318
13471650
13507367
13543000
13581248
13618360
13655045
13691179
13727084
13763960
13800611
13837106
13873443
13908770
13950106
13987788
14024157
14061267
14097366
14134564
14173760
14209737
14245901
14281035
14316944
14358890
14378755
14408847
14450383
14485430
14523519
14556650
14597795
14631452
14671531
14710617
14744126
14781692
14816606
14851475
14887609
14923961
14958578
14994727
15029449
15077903
15113994
15149759
15183935
15218399
15255276
15289954
15324523
15360665
15395213
15432477
15466955
15502272
15536595
15571954
15608249
15643035
15678083
15712549
15747309
15784804
15819318
15853775
15888128
15923859
15959664
16090094
16033382
16068537
16104132
16140739
16176063
16209648
16244335
16279652
16315673
16352096
16387281
16423017
16457542
16494473
16529844
16552613
16575470
16599069
16622439
16644958
16667727
16691368
16714268
16737354
16760649
16782926
16806142
16829020
16852795
16875464
16903417
16925842
16948848
16973232
16996792
17018804
17040936
17063107
17084457
17112204
17133708
17156753
17179620
17204014
17227205
17250679
17273816
17296618
17320262
17343724
17366356
17389648
17412364
17437011
17460110
17482610
17504894
17528046
17552163
17575957
17598847
17621332
17643571
17667852
17690391
17712559
17735003
17757286
17780732
17803399
17831171
17854149
17876615
17902249
17925318
17947840
17970076
17991823
18016966
18039922
18062131
18084454
18106307
18129420
18151665
18173368
18194951
18228823
18253028
18275738
18297170
18386016
18417916
18447540
18475535
18497831
18518836
18545474
18569667
18591513
18614155
18639265
18658794
18680713
18716359
18739027
18760460
18781391
18806550
18828111
18848953
18870555
18891127
18913561
18934626
18953969
18973934
18993543
19014954
19035859
19055789
19076183
19097038
19118917
19139470
19159077
19179041
19198601
19220181
19240225
19259565
19278887
19298529
19320329
19340069
19359561
19379222
19398514
19421249
19441137
19460115
19482165
19502512
19523676
19543609
19563896
19583207
19602557
19622650
19642375
19662039
19681576
19700389
19720567
19739998
19758400
19778070
19814385
19835822
19855498
19874176
19892915
19911881
19931902
20008138
20028656
20060232
20080728
20101522
20121423
20149616
20167848
20186420
20206594
20225639
20243870
20261944
20280108
20299413
20317554
20335163
20353442
20371683
20391537
20409579
20427051
20444655
20462607
20482287
20499658
20517478
20535336
20552653
20571547
20589583
20616713
20635394
20652816
20671403
20689229
20706807
20726467
20744041
20763790
20781749
20799005
20815576
20835331
20857775
20875439
20892425
20909469
20926836
20945121
20962808
20980146
20997159
21013909
21031719
21037907
21083011
21105918
21124545
21142504
21160025
21177165
21194404
21210950
21229033
21246845
21263316
21279543
21295779
21313842
21331704
21348839
21364986
21381491
21399811
21416336
21432675
21486614
21466803
21484561
21501288
21517450
21533088
21548868
21566682
21582837
21598598
21614190
21630188
21647140
21663689
21679700
21695084
21710539
21727857
21743951
21759590
21775180
21790579
21808291
21824753
21840364
21855553
21874791
21892840
21908570
21923885
21939016
21954196
21970944
21987360
22002560
22017362
22032286
22049277
22065132
22080057
22094800
22110170
22126316
22140831
22155971
22175201
22187495
22204009
22219038
22233491
22248018
22262412
22278447
22294179
22308912
22323234
22337018
22353345
22368306
22382955
22397191
22411353
22427000
22441505
22455793
22470516
22487666
22503958
22518613
22532951
22546747
22560847
22576274
22590805
22605058
22618825
22632940
22650971
22665758
22679564
22693525
22707093
22723508
22738262
22751975
22765699
22777263
22792508
22806496
22819357
22832692
22846007
22861027
22874767
22888102
22901594
22915114
22930116
22944310
22957879
22971476
22984673
22999305
23013085
23026968
23039898
23050836
23065771
23080054
23091782
23107742
23118704
23133533
23146996
23160001
23172539
23184761
23199187
23212263
23224870
23237021
23249342
23263322
23276428
23289020
23301377
23313744
23327400
23340004
23352242
23364360
23376721
24532802
24580713
24589635
24596871
24603678
24960035
24986727
24995724
25002829
25010075
25022700
25030931
25038231
25044906
25051763
25060391
25067738
25074638
25080934
25087943
25096363
25104174
25111012
25125964
25133835
25142537
25149751
25156483
25163637
25170306
25178652
25185581
25192684
25199440
25206024
25214505
25221679
25228127
25234466
25241013
25249041
25256377
25262804
25269178
25275959
25284764
25291666
25298073
25306422
25312865
25321334
25328088
25334623
25341441
25347912
25356201
25363279
25369893
25376058
25382604
25390754
25397872
25404507
25410944
25417466
25425747
25430888
25440526
25445316
25451734
25459461
25466289
25472563
25495753
25504046
25512111
25518566
25524603
25530609
25536850
25544625
25552729
25559140
25566452
25572364
25580015
25587226
25593201
25598860
25605220
25612848
25619769
25625924
25632991
25640439
25647891
25654552
25660717
25666812
25673113
25680243
25686182
25690372
25698092
25704977
25712732
25718725
25724905
25730670
25736635
25744087
25750228
25756143
25761931
25767585
25774937
25780883
25786587
25791965
25797952
25805542
25811375
25817276
25822540
25828143
25836784
25843897
25849513
25855040
25860783
25867810
25873691
25879747
25885018
25890710
25897507
25903507
25909201
25915396
25920880
25928397
25934479
25940306
25946172
25952791
25956239
25962033
25967405
25972943
25978540
25985763
25991442
25996760
26002344
26007748
26014787
26020249
26025617
26031079
26036338
26043738
26049622
26055321
26060549
26065757
26072853
26078405
26083570
26089128
26094532
26095366
26100816
26105491
26110500
26115786
26122552
26128408
26133779
26138679
26143835
26150790
26157002
26162167
26167466
26172554
26178855
26184140
26189296
26194235
26199224
26206167
26211689
26217083
26222558
26227669
26234099
26239358
26244325
26249699
26254474
26260859
26266396
26271454
26276398
26281086
26287533
26292821
26297782
26302959
26307982
26314533
26319789
26324786
26329770
26334360
26340955
26346452
26351793
26356756
26361285
26367956
26373595
26378541
26383177
26387595
26394165
26399603
26404359
26409175
26414064
26419489
26425572
26430803
26435665
26440557
26446589
26451707
26456274
26460896
26465981
26470881
26476952
26481759
26486171
26490768
26496838
26501939
26506609
26510810
26515080
26521224
26526162
26530343
26534510
26538608
26544415
26549179
26554142
26558483
26562574
26568442
26573776
26578489
26596421
26600828
26606834
26611312
26615752
26619902
26624307
26629851
26634477
26639045
26643046
26647094
26652691
26657449
26661696
26666296
26669295
26675200
26679573
26683879
26687995
26692156
26697451
26701819
26705869
26709896
26714076
26719792
26724076
26728087
26731945
26736203
26741804
26746811
26751256
26755398
26760316
26766148
26770750
26774504
26778462
26782245
26787700
26791982
26796186
26799959
26804417
26818660
26823606
26827160
26830590
26834002
26840975
26858514
26863367
26868352
26871864
26878908
26882749
26886548
26890259
26894055
26899955
26903374
26906775
26910265
26913668
26918390
26923856
26927443
27734544
27951702
27097180