========== elapsed time (point query) ==========
Average latency per query: 23.730045 ms
median latency per query: 23.874102 ms
Collected 1000 measurements
========== single results =================
19100634
19723188
19286849
19457615
19629953
19717626
19792606
19883324
19947406
20018384
20075787
20134740
20211591
20276628
20325223
20381672
20434791
20495349
20551842
20604089
20656923
20706780
20763605
20834829
20855346
20900229
20955118
20993064
21037788
21082303
21133999
21181363
21223014
21270523
21300814
21338849
21375872
21415132
21452837
21490785
21536428
21573680
21616198
21653674
21662431
21703229
21740632
21781082
21816864
21848266
21880093
21909282
21942784
21975131
22014304
22038616
22074337
22099951
22129624
22158874
22190295
22226378
22265174
22301469
22326225
22361340
22388819
22425573
22460954
22497728
22528491
22563934
22592012
22628366
22655600
22691302
22715753
22759127
23134136
22812170
22849037
22885232
22922662
22953625
22988940
23015372
23050270
23089412
23118878
23154602
23184645
23219746
23252025
23288163
23321867
23357691
23385731
23423492
23453694
23467120
23494466
23512485
23548367
23577735
23612090
23641579
23675545
23702840
23746572
23769602
23798956
23833970
23865721
23900369
23929344
23964942
23994371
24028837
24072563
24179942
24215786
24240836
24270184
24297472
24305261
24351992
24368837
24407682
24350682
24407699
24424690
24452335
24483014
24511153
24539655
24568534
24596754
24634094
24675459
24711540
24747792
24786893
24831517
24867930
24903961
24806448
24814516
24817624
24822417
24824094
24833757
24842950
24847740
24857758
24859864
24861180
24878428
24882938
24885886
24897648
24888964
24896323
24891203
24894658
24891028
24897440
24908439
24929483
24934143
24947676
24952327
24955963
24970663
24976695
24980532
24991930
24996520
25003138
25016034
25021481
25025902
25037633
25059254
25065138
25069498
25081075
25085118
25091453
25103548
25108717
25118826
25137012
25140018
25171661
25202667
25246058
25159433
25196669
25098881
25132363
25169966
25215456
25091708
25128769
25166515
25084556
25120910
25077177
25118838
25074391
25109998
25150710
25036677
24995431
25037042
25047931
25018073
25062766
24988502
25024770
24995397
25031666
25063570
25022051
25047903
25097711
25030552
25069015
25042572
25079296
25058769
25096275
25045295
25078413
25106778
25056697
25083239
25055856
25096897
25043352
25074803
25104188
25001028
24960698
24991194
24949360
24964275
24968702
24984867
24999932
25016316
25027765
25055678
25007867
25035103
24981796
24995545
24999414
25012632
25026381
25041062
25056483
25079457
25086654
25098178
25113034
25126946
25144328
25150744
25164046
25179067
25193595
25209445
25214826
25228234
25251969
25265736
25287047
25291162
25303042
25315520
25329057
25337607
25367328
25369386
25383655
25352614
25379857
25385131
25410293
25360398
25384263
25391105
25342909
25303218
25326622
25260083
25260734
25222603
25246461
25213647
25239153
25200967
25159796
25183482
25094610
25118426
25077244
25101029
25039311
24998156
25022093
25075118
25064010
25087626
25044512
25067382
25051665
25075753
24998626
25022642
24958923
24922351
24946129
24918104
24941608
24908063
24874000
24897981
24857538
24882083
24845741
24826369
24849412
24804543
24763106
24785984
24752252
24718213
24741604
24712301
24735132
24668735
24658802
24682696
24641422
24664018
24555393
24577457
24583959
24603089
24604738
24618199
24631717
24614242
24637131
24598130
24621650
24575351
24546954
24568828
24506513
24530657
24497007
24521774
24477435
24499193
24474709
24498009
24485665
24507634
24469909
24494496
24510082
24469120
24491284
24462825
24446064
24470526
24439597
24476860
24493195
24452970
24478483
24420555
24419254
24433657
24449408
24472171
24483710
24495348
24497516
24516492
24529794
24541558
24555872
24554079
24564409
24564242
24573187
24584510
24578535
24589912
24618880
24628433
24637355
24645860
24642817
24651786
24652387
24660355
24669118
24671027
24680493
24689100
24697431
24701796
24701273
24709823
24718235
24725937
24726802
24726295
24733732
24742414
24749922
24757751
24766899
24764908
24772334
24780402
24791930
24800923
24797167
24805126
24813710
24821704
24830704
24825658
24832477
24840477
24847639
24855224
24862896
24856253
24862640
24869993
24879852
24887528
24886943
24892520
24899313
24907064
24914530
24912371
24918685
24925685
24935031
24942826
24941209
24946928
24954197
24958551
24980896
24919456
24935295
24854290
24871521
24797514
24813802
24729471
24745208
24680236
24696542
24653935
24670827
24623260
24580819
24597393
24526062
24531960
24509787
24517258
24469477
24489603
24437999
24385734
24403765
24361492
24377701
24303162
24318608
24232911
24186147
24198412
24158586
24174458
24128045
24144739
24085844
24042713
24058643
24003281
24022927
23937695
23952256
23967032
23969685
23958340
23896053
23836588
23895245
23921875
23935164
23833521
23848616
23778071
23804313
23758518
23774153
23734408
23749100
23715017
23731459
23702615
23718085
23642791
23659284
23675526
23700552
23715825
23733346
23749218
23765368
23781687
23797999
23816050
23842363
23858898
23875331
23890887
23912316
23929275
23944986
23960874
23976688
23991947
24008598
24024314
24039306
24054049
24069863
24086884
23937650
23953171
23968302
23983006
23999465
24015006
24029576
24044448
23893970
23819958
23737301
23751302
23767026
23783280
23797647
23812659
23827266
23746077
23681024
23696825
23711787
23726472
23741291
23755519
24490749
23786970
23640217
23655523
23669437
23685022
23699949
23713951
23728249
23742727
23758738
23773282
23787361
23801027
23815081
23830604
23845648
23866845
23880520
23894701
23912259
23926842
23940772
23958648
23972987
23988578
24002913
24023633
24037440
24050650
24954250
24081469
23810147
23822961
23836816
23852065
23865757
23879058
23892619
23905979
23921049
23836938
23850186
23865182
23877199
23891880
23905451
23918980
23932056
23752553
24065579
23678146
23692278
23591358
23502274
23517231
23532384
23544065
23556518
23569750
23584451
23440305
23611915
23366684
23380224
23291932
23304817
23132209
23146798
23158156
23171526
23185495
23197044
23209094
23221492
23038728
23050982
23063815
23075889
23088438
23102078
22919184
22931272
22841622
22853662
22762463
22775743
22623482
22636516
22647189
22660882
22673363
22685123
22697082
22713219
22726639
22586074
22597517
22609632
22621729
22642236
22654344
22478361
22489675
22400135
22413534
22427262
22437277
22448468
22459797
22472692
22315271
22221788
22232933
22244283
22256664
22270967
22027204
22291620
21902219
21914725
21926304
21938070
21948206
21758539
21773054
21781766
21792354
21802952
21813665
21825915
21837020
21847630
21858185
21868959
21881653
21892783
21903468
21914368
21925263
21937421
21948397
21959548
21970587
21981339
21993649
22004599
22015068
22025249
22035595
22047691
22058799
22069106
22079005
22089364
22101498
22112520
22123188
22133087
22143499
22155498
22166529
22176601
22186391
22196620
22208087
22218470
22228152
22239098
22249383
22261113
22271322
22281739
22291455
22301278
22312407
22322420
22332615
22355225
22363086
22372305
22379912
22387637
22394639
22401726
22410646
22426051
22433585
22440670
22447932
22457510
22465935
22473361
22480317
22487459
22496368
22504263
22511934
22518803
22525453
22534009
22541420
22548427
22555559
22562322
22571090
22578544
22585829
22592814
22600014
22608731
22615882
22622800
22629664
22636514
22645144
22652925
22659905
22666905
22674053
22682236
22689754
22696822
22703762
22710155
22718603
22725989
22733201
22740733
22748096
22756289
22763683
22770803
22777507
22784400
22792825
22800148
22806959
22813719
22819985
22827877
22834988
22841602
22848226
22854532
22862688
22869497
22875878
22882046
23111218
23125544
23175127
23181815
23188393
23194350
23202897
23209547
23215834
23221847
23227753
23235242
23241190
23247345
23252672
23258636
23266000
23271679
23277124
23282860
23287388
23303418
23301151
23306431
23311650
23321122
23328493
23334407
23348205
23354238
23359545
23366560
23372594
23377943
23391177
23396834
23404024
23409679
23415225
23420676
23425856
23433610
23439078
23444567
23449728
23454979
23462418
23468059
23473185
23478675
23484076
23490954
23496711
23501837
23507247
23512528
23522270
23528050
23533657
23538534
23543622
23550595
23561458
23566759
23571677
23576918
23583708
23588648
23593883
23598463
23603129
23609755
23615091
23620049
23624678
23637818
23648732
23653239
23657720
23662134
23667002
23673503
23678513
23683287
23687827
23693268
23699564
23704414
23709025
23713257
23716715
23722559
23726920
23731486
23735869
23740197
23745968
23750630
23754558
23758756
23762874
23768697
23781351
23786027
23790105
23793817
23799678
23804088
23808148
23812334
23816438
23822750
23827169
23831614
23835969
23840298
23846216
23850687
23854923
23859210
23863517
23869550
23874102
23878382
23882663
23886586
23897553
23901920
23905839
23909577
23913541
23919478
23923497
23927557
23931737
23935846
23941034
23945500
23949621
23953342
23957182
23962489
23966917
23970835
23974496
23978311
23983504
23987677
24063213
24068261
24072138
24079130
24083140
24086777
24090643
24094304
24100473
24104452
24108369
24112490
24116502
24122072
24126623
24130991
24134955
24139064
24144432
24148600
24152672
24165528
24294780
24197089
24510104
24215206