========== elapsed time (point query) ==========
Average latency per query: 23.544185 ms
median latency per query: 25.809396 ms
Collected 1000 measurements
========== single results =================
7571672
8584403
9209508
9735620
9773792
9936031
10032584
10115049
10503843
10564962
10625744
10367279
10434419
10822767
10546434
10940542
10668454
11054581
11109160
10834538
10888946
10946803
11335353
11389219
11114265
11169525
11559083
11613742
11667728
11394244
11448785
11835967
11561613
11616149
12018016
12060007
12103073
11815448
12184329
11906326
11949568
12010554
12391805
12432179
12469943
12181902
12550789
12264266
12303037
12343210
12712309
12753177
12791864
12505315
12866358
12584813
12626472
12665351
13028162
12744748
13108895
13149962
13193732
13237740
13001203
13043747
13087114
13128923
13491393
13530167
13569576
13613634
13348970
13391740
13431507
13470233
13834614
13875313
13595892
13955555
13994325
13718230
13757263
13798573
14166537
14205600
13926489
14284628
14005164
14366274
14085870
14454821
14177784
14535204
14571628
14296811
14344728
14381182
14741310
14780591
14506353
14867058
14589305
14626637
14991056
15029228
15074737
15114453
14839971
14877419
14921128
14963550
15325378
15364243
15402924
15443201
15169650
15210450
15251915
15291009
15651588
15690954
15731613
15453963
15492329
15850555
15892585
15623001
15988408
15705003
15749647
15790531
16145283
16186206
16222170
15944750
16303491
16025848
16064199
16109097
16463213
16503544
16545626
16269673
16309191
16665596
16388866
16427992
16786179
16824305
16862670
16588764
16945351
16669690
16708893
16748897
17114811
17153858
17191985
16916843
17271536
16998029
17037676
17077129
17435513
17484397
17525830
17250084
17603245
17326660
17364540
17404109
17759912
17796969
17834359
17558470
17913128
17638089
17676292
17713807
18073863
18113444
18151986
18189025
17914665
17952766
17992429
18031032
18386775
18424141
18461798
18189290
18541296
18266863
18304875
18343207
18698942
18736231
18461591
18814340
18539032
18893312
18932008
18658448
18697189
19049510
18776819
18815680
19170440
19208001
19245573
18979075
19335336
19062516
19102216
19507456
19274664
19631411
19670111
19396718
19747714
19476849
19517693
19869186
19597450
19947838
19987079
19717015
20066052
19794800
19832512
19875529
20222128
20259162
20295392
20332263
20072609
19910906
19944527
19984021
20541829
20589354
20629094
20153682
20704102
20231488
20273431
20312942
20866106
20912034
20950381
20481363
21032332
20585132
20625887
21180173
20710463
21262493
21299984
20826968
20864878
21417553
20943593
21493843
21019541
21057315
21608754
21649867
21173109
21724401
21252654
21802748
21841123
21369773
21406797
21956343
21502858
21540836
22092000
22129530
22166896
21697114
21730310
22271381
21787912
21813624
22353162
22382494
22406674
21921880
22459084
21979849
22003940
22541299
22056518
22593604
22620722
22137754
22673126
22189166
22214670
22753337
22269239
22806595
22321570
22858382
22884837
22401636
22425972
22450777
22989736
23016675
23042138
22557775
23092839
22608507
22634351
22659475
23197476
23222658
23246978
22764232
23298900
22814856
22839742
23375197
22890975
23427098
22941336
23477365
23503001
23020418
23044651
23068357
23605775
23629866
23145227
23680678
23705216
23728873
23752490
23777783
23800515
23826970
23848790
23872148
23897147
23920333
23947343
23969266
23992729
24017245
24041953
24065674
24088899
24112015
24141453
24168349
24190413
24216779
24238780
24263011
24290787
24635148
24324769
24988449
24384369
24737475
24426412
24789852
24477713
23715679
23742878
24909624
24593137
23804416
23826654
23848522
23871824
23893896
23914048
23930641
23956482
23981520
24002918
24022971
24039269
24060041
24073202
24086996
24101004
24116429
24135071
24149162
24162890
24177168
24199004
24213725
24228129
24244379
24257866
24271880
24284684
24296974
24309158
24322253
24336358
24348799
24361262
24377015
24392077
24422180
24439718
24447574
24459960
24474829
24488871
24520374
24524470
24543059
24560444
24579080
24597699
24615399
24633464
24649961
24668593
24685483
24702099
24719284
24735600
24760468
24778352
24795443
24812868
24830747
24849186
24867262
24884003
24901590
24918583
24936900
24955061
24972208
24989042
25006596
25022404
25044738
25053718
25069431
25085393
25098544
25115157
25126999
25143250
25159484
25177397
25193751
25211912
25229852
25240585
25257940
25264775
25286791
25294075
25309967
25323368
25339984
25356051
25371868
25382754
25394628
25410950
25426498
25435770
25446879
25463931
25479882
25490622
25507095
25517811
25534303
25545630
25586134
25602213
25612404
25629899
25641176
25656423
25672084
25682376
25693819
25710658
25721809
25736759
25751450
25762808
25778861
25794289
25809396
25816723
25823422
25837974
25848173
25862576
25876554
25893886
25885384
25886582
25896786
25910810
25909200
25926632
25935880
25950259
25964786
25976456
25991234
26001694
26013310
26020326
26029590
26038285
26086599
26063166
26072802
26088893
26100455
26135709
26145395
26159070
26177331
26187042
26201337
26214421
26226167
26241607
26255795
26270096
26283252
26295957
26311482
26324960
26338061
26352304
26365182
26380628
26394015
26406851
26419282
26432783
26447238
26461131
26474353
26488567
26501466
26516832
26525477
26537788
26550120
26562670
26571304
26581650
26599596
26604622
26617180
26631846
26644896
26657218
26670317
26683222
26697944
26710414
26722584
26734947
26747290
26761982
26775083
26788412
26800280
26812606
26827615
26841513
26857187
26869572
26877199
26890359
26895900
26907372
26914866
26926448
26939182
26951501
26958724
26971712
26978845
26991799
26999976
27012077
27024471
27016250
27035330
27037281
27049535
27056844
27068085
27081144
27088249
27099713
27106260
27117263
27125277
27137088
27148204
27158952
27166854
27178213
27189509
27201616
27212137
27224880
27237116
27249555
27260120
27270445
27282210
27294610
27306327
27318523
27329812
27341908
27355726
27367669
27379225
27390423
27397994
27410970
27421807
27433587
27444161
27452489
27454034
27470351
27473595
27478716
27489396
27501448
27506203
27511890
27521669
27531777
27538347
27543799
27554854
27560051
27570026
27581844
27586799
27592472
27603629
27613562
27613837
27629771
27630543
27640135
27645415
27657017
27667453
27672328
27682561
27688685
27699746
27722237
27732912
27734391
27739922
27751731
27781889
27767502
27782340
27782880
27793773
27799359
27808832
27817948
27819690
27830725
27835595
27845139
27845612
27865458
27863049
27867918
27877442
27878617
27898723
27896591
27914829
27928612
27927125
27943989
27939151
27940230
27946219
27951744
27951515
27954290
27960361
27994995
27994614
28000446
28003097
28009219
28015104
28014515
28015570
28023131
28029180
28026817
28031509
28029015
28036725
28042494
28042030
28043165
28048528
28055245
28052466
28057618
28058576
28064106
28071189
28072526
28078730
28075879
28086071
28085892
28088742
28093943
28099130
28097708
28099904
28105799
28111181
28109240
28116360
28118673
28124225
28120596
28121181
28126076
28153382
28134397
28153428
28151906
28155960
28163213
28169371
28168470
28169118
28173884
28180358
28147736
28150825
28094706
28098067
28099310
28105586
28112938
28118635
28116375
28134266
28141747
28153416
28151219
28150627
28158873
28164507
28163057
28163391
28168285
28174924
28185198
28195194
28195374
28200703
28202488
28208411
28213083
28211482
28211864
28218196
28223334
28220852
28226308
28225736
28231815
28236973
28235448
28235786
28240341
28246123
28240269
28240881
28245692
28265594
28254748
28264897
28258191
28258447
28262804
28282858
28269517
28279433
28276865
28276226
28282026
28286913
28281090
28285649
28290201
28288398
28293415
28292842
28296838
28301062
28300839
28304233
28309043
28313349
28309857
28315758
28315452
28305182
28308737
28304286
28320616
28312437
28312355
28316935
28357851
28358627
28357861
28361283
28365648
28359171
28369474
28365826
28364078
28367621
28362839
28378253
28369243
28367618
28370736
28374150
28373069
28381298
28385241
28388191
28381245
28391085
28387691
28385767
28389063
28391936
28388045
28391514
28394457
28391972
28390458
28395289
28398686
28392114
28400320
28396422
28395888
28399421
28402630
28397367
28401115
28397869
28411979
28402486
28400591
28403477
28400227
28396685
28419522
28321089
28329245
28240955
28179851
28187583
28099445
28046507
28050658
27999544
28002665
27948873
27951859
27897838
27901341
27844726
27847564
27797327
27802066
27750973
27753908
27700835
27703892
27652690
27655545
27607134
27610114
27594100
27492563
27491314
27492924
27278305
27279140
27202924
27205842
27141271
27148040
27066910
27071255
27073387
27079612
26940252
26945948
26871905
26875201
26877404
26805196
26808010
26811843
26748537
26751372
26753515
26690088
26694232
26697212
26627174
26617529
26538894
26547316
26523177
26516310
26474676
26476646
26432113
26371903
26372919
26326895
26316225
26309035
26301185
26274180
26263842
26255663
26249214
26241482
26233219
26212646
26203586
26196695
26189086
26181068
26179987
26187137
26116139
26048781
26032468
26041400
26044700
25967730
25971180
25974040
25969081
25890866
25896373
25900054
25904119
25907328
25911813
25917735
25921915
25925403
25928886
25932510
25937491
25941600
25945293
25948876
25953187
25957768
25961545
25639030
25975576