========== elapsed time (point query) ==========
Average latency per query: 21.872318 ms
median latency per query: 22.874974 ms
Collected 1000 measurements
========== single results =================
9203194
10176824
10751208
11195526
11537004
11855306
11942587
12018019
12079147
12143097
12209329
12294114
12361050
12409812
12475354
12533720
12587584
12639834
12693029
12745915
12805620
12852862
12898748
12944361
12989245
13050601
13096604
13146904
13196238
13241542
13297956
13348319
13394003
13451534
13490675
13530577
13567897
13605479
13642140
13679833
13718747
13755694
13793317
13830497
13867297
13905925
13943125
13980273
14016592
13776562
13814118
13850905
13891629
13934736
13971642
14009860
14046902
14083146
14119406
14156376
14195924
14232558
14268987
14305697
14349546
14388261
14425770
14463965
14501059
14538112
14576828
14619284
14656164
14693508
14733572
14771902
14808437
14853738
14893126
14930129
14969629
15007698
15044352
15078731
15115809
15154816
15192470
15230192
15267967
15305085
15343350
15380507
15417625
15454545
15492222
15551669
15569072
15604725
15641994
15677005
15715962
15754342
15795270
15832308
15875659
15915507
15966148
16009285
16030600
16066201
16105256
16143482
16187414
16220595
16256678
16295375
16330989
16367751
16403937
16437931
16481611
16519950
16563804
16604467
16641892
16684934
16728018
16774382
16821413
16860149
16900718
16938159
16978614
17014127
17051790
17091410
17129286
17167196
17204888
17243053
17283142
17320899
17358128
17395622
17435154
17475616
17513725
17551354
17589138
17626972
17666727
17712945
17757185
17794673
17832786
17871353
17910128
17946954
17984924
18022506
18062874
18100948
18138513
18177064
18221550
18268647
18307160
18345698
18383542
18421649
18461988
18500040
18537808
18576301
18716021
18658637
18696948
18741290
18779248
18816543
18856342
18894413
18933579
18971780
19007978
19050159
19086938
19125112
19163070
19274512
19317528
19357632
19395311
19433013
19469264
19512170
19548070
19585534
19626867
19665737
19710954
19749010
19799588
19834485
19872779
19912398
19951776
19989891
20028258
20066709
20107425
20145711
20183607
20221194
20275756
20323330
20361314
20398656
20442628
20480547
20520323
20559788
21296186
21390861
21436536
21496940
21536471
21580430
21629091
21667769
21708571
21811166
21851153
21889755
21927487
21967106
22005542
22043143
22080968
22120245
22160323
22197891
22235980
22273720
22316357
22356597
22394773
22433177
22470660
22508102
22550954
22594888
22633020
22675730
22715790
22758301
22798541
22836905
22874974
22912145
22950996
22988855
23024605
23065401
23100924
23140493
23180921
23217770
23254824
23291234
23329537
23366056
23404060
23440696
23488506
23526900
23572902
23609975
23645030
23684900
23722037
23759976
23796538
23833720
23870284
23908525
23945658
23982772
24019063
24055827
24094285
24131432
24169109
24205905
24242769
19237910
19275455
19312160
19349136
19389006
19428006
19471841
19508861
19545887
19582669
19621173
19658948
19696408
19733955
19771632
19810807
19849013
19886316
19923719
19960927
19999877
20028809
20065724
20103202
20140486
20179546
20218748
20242830
20266218
20290122
20315222
20343014
20367961
20391502
20421573
20447118
20470722
20494070
20517479
20540695
20565264
20589491
20613024
20636028
20658780
20684317
20707684
20731041
20754160
20776997
20799779
20825869
20847654
20871083
20893798
20918645
20941676
20964337
20992491
21015563
21040590
21065763
21088200
21111127
21133792
27114769
27438407
27170062
27185214
27207392
27245071
21318626
20439210
27328565
20482413
27396495
20533853
20546654
20563329
20583087
20601335
20624020
20639021
20659856
20674758
20697511
20709900
20735083
20751611
20770966
20787433
20808355
20827210
20842744
20862585
20880021
20906777
20923478
20936163
20958468
20973449
20987696
21005623
21018569
21036891
21051924
21070642
21081876
21122386
21132440
21161290
21172673
21201067
21211406
21228511
21238950
21256103
21265079
21283301
21293737
21312540
21324774
21341103
21351865
21362919
21381755
21390955
21407488
21415613
21432526
21442053
21455498
21467201
21483094
21494546
21512638
21524674
21541080
21551375
21563823
21580954
21593011
21608994
21612289
21628461
21640864
21657332
21665672
21681499
21689301
21706625
21714910
21735638
21744926
21760624
21772991
21789193
21796814
21812043
21821174
21843466
21854536
21869952
21883568
21899086
21911250
21926990
21938233
21954106
21964208
21980993
21990577
22000873
22015737
22022806
22035968
22050690
22061532
22076723
22085948
22102970
22113294
22128197
22137575
22152024
22160343
22175148
22182056
22196497
22203108
22220086
22227293
22241572
22250593
22260075
22275664
22282510
22297214
22303439
22317519
22325409
22340034
22346550
22361119
22366787
22383441
22390054
22404345
22410318
22424119
22432708
22447060
22452986
22467194
22473534
22498356
22553576
22547161
22556477
22570809
22578940
22582653
22588707
22596918
22643038
22623048
22634483
22641864
22648117
22666507
22673226
22681954
22695734
22701787
22710115
22724490
22733613
22747604
22756139
22769046
22777514
22785845
22799204
22804446
22817651
22824755
22838422
22844125
22852025
22865238
22875005
22888001
22895947
22898467
22924014
22928403
22922213
22928179
22934547
22942221
22950754
22958791
22965898
22969336
22987820
22992458
23003264
23010127
23016118
23008490
23015793
23023031
23030284
23041870
23048950
23057775
23059519
23089410
23089235
23092545
23100504
23111165
23125157
23134494
23143155
23158235
23163887
23177802
23177121
23194860
23204121
23217703
23224594
23237717
23246119
23260971
23269749
23277679
23290272
23312614
23327674
23329628
23338502
23340831
23348025
23361298
23365210
23372918
23376775
23383888
23397308
23395308
23402167
23413116
23415146
23423327
23432278
23435849
23444522
23452280
23463076
23472436
23482267
23491282
23500347
23511528
23522127
23530645
23539799
23548765
23536495
23546432
23552533
23563689
23561836
23570572
23578982
23585298
23592934
23601652
23611116
23620101
23627468
23635853
23644492
23654665
23663041
23670863
23678100
23686630
23688824
23696421
23704546
23711576
23714094
23727706
23730073
23740211
23746242
23754324
23764903
23773691
23790187
23798474
23806331
23816706
23825029
23833074
23840942
23849382
23858904
23867868
23876012
23883631
23891735
23901106
23909684
23918125
23927166
23935286
23944650
23953366
23961256
23969015
23976975
23988421
23997516
24005214
24012882
24020216
24029560
24037572
24045520
24053543
24061415
24070873
24079413
24087042
24094844
24102422
24111751
24120380
24128140
24135682
24143263
24151867
24159992
24167582
24175320
24182879
24192264
24200275
24208157
24215653
24222936
24232193
24240385
24248418
24255991
24263156
24272172
24280567
24288474
24296123
24303298
24312192
24320080
24328131
24335558
24343103
24351861
24360533
24367394
24374732
24381887
24390413
24398596
24405842
24413110
24420383
24428848
24436518
24443607
24451158
24458218
24467152
24475311
24482472
24489787
24503260
24512868
24520495
24527719
24536011
24543624
24552480
24559685
24566842
24574154
24581562
24590200
24597888
24605118
24612850
24620168
24629031
24636584
24643350
24654298
24661886
24670877
24678189
24685883
24693251
24700586
24709038
24722718
24730229
24737194
24743995
24752265
24759841
24767020
24773464
24780102
24788378
24796099
24802830
24809587
24816496
24824718
24832005
24838888
24845982
24852838
24861181
24868559
24875321
24882253
24889321
24897604
24905042
24912544
24919727
24926213
24934837
24942135
24948528
24955636
24962022
24971198
24978262
24985450
24992460
24999483
25007688
25014738
25021436
25028163
25034978
25042546
25049403
25055863
25062991
25069958
25078599
25085397
25091892
25098473
25104819
25112567
25119587
25126255
25132507
25139248
25147524
25154621
25161348
25167595
25173900
25182514
25189407
25195858
25202182
25208412
25214559
25221348
25227669
25234176
25240824
25249007
25255599
25261772
25268791
25274619
25282799
25289886
25296403
25302642
25308708
25316877
25323527
25329977
25336492
25343177
25350767
25356924
25363053
25369548
25375835
25383251
25389869
25396169
25402618
25408640
25416009
25422501
25429525
25435693
25441567
25449292
25455665
25462027
25467844
25473822
25481802
25488224
25500909
25507607
25513952
25521255
25527633
25533721
25539383
25545372
25552828
25559353
25565359
25571402
25577041
25584870
25595109
25600970
25606304
25613208
25620115
25626324
25631646
25637524
25642761
25650018
25661916
25668146
25673928
25679531
25686478
25692396
25697924
25703365
25708568
25715703
25721859
25727417
25732358
25738183
25744940
25750703
25756690
25762070
25767667
25774060
25779697
25785141
25790542
25795811
25811913
25817658
25823169
25828972
25834110
25841032
25846631
25851925
25856734
25862002
25868349
25874253
25879448
25884807
25890099
25896666
25902394
25907723
25912402
25918111
25923894
25930386
25934918
25940034
25945226
25951735
25957216
25962257
25967274
25971992
25978462
25984045
25989065
25995228
26000164
26046357
26051686
26056363
26060610
26064736
26070359
26074964
26078943
26083769
26094030
26101543
26106499
26110625
26114864
26118723
26124861
26129571
26133996
26137902
26141926
26147679
26151957
26156426
26160564
26165199
26170710
26175110
26179253
26183198
26186877
26192143
26196731
26200282
26204522
26215047