========== elapsed time (point query) ==========
Average latency per query: 22.345026 ms
median latency per query: 24.473023 ms
Collected 1000 measurements
========== single results =================
2047777
2810633
2889221
3192818
3505587
4665787
4636338
4294590
4170610
4103376
5126619
5014610
4639288
4514536
4442305
5452840
5338971
4956584
4827887
4756365
5768671
5662433
5268081
5126267
5040045
6034986
5907391
5513648
5371837
5286558
6280538
6152360
5757225
10467217
10406643
11394411
11258977
10870437
10721490
10629867
11615026
11476333
11073815
10921472
10825722
11809865
11671671
11270491
11119046
11024136
12035093
11901642
11501481
11350363
11255231
12237982
12099274
11697415
11545083
11450334
12432898
12299712
11898266
11758711
11664891
12646162
12506429
12106032
11952236
11860226
12842085
12705392
12305879
12152707
12058932
13040551
12900884
12500349
12347283
12252943
13234113
13095110
12694025
12540019
12445337
13429491
12999459
12891219
12738041
12651018
13629736
13187880
13089051
12934041
12839614
13817557
13375680
13298717
13146674
13051789
14029646
13588478
13490270
13336099
13240851
14217070
13775392
13677095
13522525
13429556
14406138
13964186
13866674
13711058
13615886
14588515
14151059
14057737
13903003
13807681
14778662
14341040
14244820
14089836
13995906
14975331
14540103
14451600
14298518
14204574
15175687
14738330
14640499
14485205
14390079
15359598
14922692
14825382
14670154
14574624
15544506
15107769
15010407
14855215
14760129
15728870
15292802
15195304
15091514
14998239
15967503
15531949
15434668
15278797
15188907
16157743
15726004
15628503
15474732
15379948
16348431
15912422
15816031
15670593
15575122
16543077
16107895
16011908
15863570
15775495
16744027
16308338
16210861
16054900
15959024
16926262
16490286
16389448
16239972
16143777
17109882
16674590
16575510
16423564
16327343
17292952
16857860
16757328
16604846
16509270
17475186
17040462
16939870
16786909
16688688
17654957
17220836
17120702
16972824
16874877
17840964
17407711
17307260
17154468
17055538
18016167
17588236
17486672
17334027
17234955
18194529
17766446
17665482
17512910
17413947
18373123
17945580
17844415
17690918
17591794
18550480
18123924
18023194
17869794
17770335
18728898
18301752
18151804
18046933
17948391
18923694
18497348
18345679
18243452
18144497
19101933
18674866
18522934
18420800
18322305
19279856
18852927
18699996
18597841
18498341
19455418
19030037
18877415
18776189
18676272
19632941
19206362
19054127
18958926
18862529
19821086
19395676
19242917
19140648
19039819
18918211
20028302
19603314
19448955
19358728
19257806
19135410
20246984
19821024
19661486
19561132
19459430
19346286
20456687
20029699
19869696
19769828
19669907
19549051
20657423
20230728
20071350
19973443
19872372
19749929
20857869
20431788
20273447
20174147
20072938
21025631
20599634
20441306
20342057
20240664
21192288
20766500
20607961
20508400
20406977
20287380
20319119
20352566
21458501
21029042
20862226
20755570
20647608
20518764
21617756
21185163
21017739
20916474
20807374
21750333
21317597
21153652
21048210
20938864
21880978
21448407
21280814
21176190
21066693
22017633
21585408
21417734
21311922
21202274
22143574
21711441
21544080
21438925
21328654
22269602
21837526
21669274
21562601
21451940
22391638
21960113
21791551
21684388
21573378
21449634
22536546
22105598
21940129
21832130
21720502
21596468
22682999
22252566
22085169
21976009
21864006
22802427
22373019
22204911
22093269
21983571
21860480
21884408
22971128
22539303
22370546
22258017
22151068
23089083
22657698
22488658
22375928
22268075
23205945
22774704
22605340
22492845
22437796
22318740
23414564
22984766
22815592
22710111
22604511
22483297
23565057
23134410
22967268
22852745
22750997
23686633
23256470
23089190
22973892
22873513
22752732
23832101
24010232
23428913
23258957
23141325
23914744
23070435
23527904
22992388
23400670
23032255
23307915
24132753
23700646
23528848
23426966
23314307
23186459
24257448
23818521
23638909
23515725
23398932
23266072
24335762
23902382
23725039
23601024
23483182
24406854
23969489
23791698
23667836
23550095
24473023
24034299
23856096
23732193
23613759
24536390
24098078
23919681
23795955
23677084
23547639
23558787
24625912
23584700
24201275
24662315
24033436
24238330
23923582
24071712
23816826
23959107
23698323
23854868
24776502
23735060
24351154
23759714
24186044
23784116
24073859
24863248
23968563
24440705
24260531
23858614
24148804
23883823
24044152
23907834
23918449
23929036
25002270
24094897
24578323
23962183
24410164
25063393
24300073
24639323
24191825
24470688
25123328
24360636
24699858
24252493
24531307
24126367
24421084
24148187
24312933
24170816
24331481
24193797
24199020
24358622
24238017
24227286
24261310
24391269
24401584
24273976
24424551
24296925
24447285
24318873
24468714
24342004
24378663
24504268
24376005
25680782
25533391
25100685
24921965
24798622
24651827
24524909
24393638
24688695
24559371
24426876
24722597
24594366
24462274
24756266
24627083
24496761
24790818
24661536
24529784
24831153
24835120
24706691
24575198
24867231
24747455
24750463
24627065
24630228
24962721
24932307
24829111
24816855
24703799
24696746
24987665
24998485
24876163
24886209
24756809
24766249
25058062
25068096
24940897
24951000
24822159
24833195
25123005
25132276
25004866
25014151
24887271
24897320
25185827
25194894
25066333
25079607
24950112
24962003
25248257
25257130
25128326
25138032
25013731
25022824
25309866
25320123
25190485
25199509
25075757
25085189
25372687
25382203
25251738
25260084
25137217
25147835
25434179
25443182
25312119
25320984
25199826
25209376
25494186
25362195
25512858
25250162
25393188
25543831
25279667
25423037
25575598
25312910
25455103
25331865
25615254
25625307
25495506
25503972
25382800
25391950
25676169
25685386
25554849
25563235
25441837
25452147
25734873
25743417
25612934
25620873
25501567
25510816
25792379
25800354
25670144
25679647
25560373
25568568
25849266
25857808
25728897
25725713
25618446
25626721
25906461
25915762
25773547
25782200
25674773
25685063
25964868
25973343
25830320
25838152
25730913
25740618
25866982
25874533
25767615
25775395
25901999
25910387
25803984
25812152
25936332
25946023
25840610
25848660
25972563
25980331
25876862
25885085
26009551
26017647
25911226
25920500
26045381
26053113
25946622
25954372
26081180
26089823
25983871
25991235
26114854
26124407
26019040
26026910
26150413
26157586
26053196
26061148
26184704
26192079
26086052
26095378
26218999
26226366
26120735
26128236
26252545
26260673
26155326
26162653
26285002
26293802
26189146
26196800
26319031
26326081
26222927
26231011
26352752
26360160
26255858
26265117
26388488
26396415
26291774
26298735
26421657
26429300
26325017
26332357
26454281
26463603
26359570
26366788
26488412
26495971
26392562
26400585
26522029
26525339
26424819
26428642
26551568
26554639
26454316
26455494
26580217
26586997
26481664
26487535
26610786
26619384
26512849
26520712
26644217
26545615
26545442
26553061
26559783
26566434
26573207
26581500
26589101
26595729
26602357
26608939
26617306
26624049
26631527
26638389
26645067
26654717
26662316
26668822
26675093
26681977
26690389
26697637
26704140
26710718
26717166
26726059
26733477
26739977
26746521
26752533
26760527
26767546
26774044
26780513
26786921
26794891
26801748
26808249
26814826
26821343
26821023
26828936
26835751
26842792
26850013
26858380
26813002
26820295
26880520
26834222
26896414
26851391
26917047
26926679
26879336
26890583
26950251
26904569
26965102
26972233
26928741
26936736
26997133
27005634
26961237
26970016
27030555
27037511
26992631
26999744
27060950
27068473
27023877
27030980
27090596
27099306
27055151
27062043
27121308
27128288
27085754
27092946
27151884
27158562
27114645
27122786
27182013
27188774
27144759
27151397
27211449
27218554
27174943
27181344
27239010
27247550
27204498
27211034
27268405
27274889
27241762
27248703
27306498
27312913
27269155
27277116
27334790
27341770
27298698
27304920
27363262
27369912
27327156
27333525
27389150
27397125
27355777
27361984
27417676
27423865
27383809
27390641
27443900
27450101
27455311
27462402
27468921
27474947
27481081
27486838
27494531
27501333
27507282
27513202
27519629
27527180
27533700
27539714
27545824
27551655
27565368
27572601
27578627
27584695
27590697
27600222
27606841
27612875
27618769
27624735
27631997
27638467
27644261
27651010
27657571
27664841
27671020
27686348
27714612
27715107
27722463
27729075
27734760
27740476
27746271
27753613
27759707
27765787
27771717
27777381
27784667
27790744
27797167
27802445
29437331
29269254
28829038
28643542
28514540
28386711
28237652
28096489
27986932
27895210
29506253
29343248
28902947
28717205
28587763
28459964
28311076
28169027
28059661
27966501
29611330
29417802
28976105
28790333
28660278
29610469
29441034
28999865
28813961
28684219
29645161
28572281
29479631
28427569
29043663
28288443
28864984
28187269
28741281
28094538
28617794
28468611
28632704
28331631
28487538
28228685
28352927
28185998
28292511
28196900
30116702
29647767
29204618
29017639
28886294
28758355
29860963
28613689
28471637
29688632
28367394
29251979
28273870
29069591
28938810
28810923
28660630
28515591
28405632
28307953
29942456
29753398
29310311
29123282
28991711
28863906
28713483
28568266
28458081
28359443
28717399
28576962
28465428
28380647