========== elapsed time (point query) ==========
Average latency per query: 22.599124 ms
median latency per query: 24.665905 ms
Collected 1000 measurements
========== single results =================
3035407
3713533
4244896
4715023
4689468
5157968
5614075
6072289
6128507
6574968
7031798
7546798
7784125
8223174
8372491
8514136
8421384
8490992
8554829
8610383
9876186
8640819
9963565
9608213
8799794
9712464
9371478
9414217
9251891
9293570
9201570
10459343
9288491
10066983
9308977
9353987
9813369
9379543
9423511
9742679
9590227
10924836
9755803
9668685
10579162
9823146
10282599
11191214
9889645
10204978
10857390
11379365
10210784
10599170
11026669
10477875
10313585
10774419
10471349
10381452
10761173
10673127
11923789
11966601
12005113
11572440
11611710
11650170
11305591
11355640
11192366
11229166
11475336
11174377
11212770
11391722
11225774
11265002
11370868
11278010
11320887
11422379
12735675
12773361
11498162
12411392
12453362
12968683
12146002
12184004
12610292
12060366
12101839
12345910
12044482
12084651
12257239
12093566
12199675
13441813
12146521
12249872
13081766
13596383
12301436
13197465
12851858
13751319
12930599
12764230
12809063
13438820
12754893
12792796
13171409
14073931
13044731
12883309
13712024
13027692
13405514
13040504
13276928
13053526
13092361
13269860
14508831
14552489
14118079
14636103
14196645
13851348
14278147
13931284
13766831
14020383
13727396
13898239
15001025
13843748
14012549
14640689
13893300
13998928
14370295
13948546
15312377
14284169
15383748
14950870
14280440
15039054
14692898
15587806
14769069
14606857
15234715
14685077
14600775
14969502
14686843
14852434
15952099
14736633
14842144
15597634
14790955
15288800
16184899
16221493
15202347
15829865
15867116
15193098
15560025
15599268
15436098
15473767
16572982
15427489
15467182
16220014
15873478
15521633
15565393
15800273
15585850
15629115
15794320
17016545
17054686
15848430
16663595
16701916
15903616
16396129
17291455
16271521
16898008
16553866
16267414
16631743
16476130
17571866
16554516
16475496
17223669
16553878
16531059
16960920
16627223
16601494
16891630
16682992
16851017
18071920
18111050
17680884
18187660
17757317
17413749
17835125
17490933
17328692
17567998
17408264
17328528
17486663
17407125
18621230
17486545
17463733
18280358
17550918
17534056
18026715
17619415
17721068
17943440
17799218
17777489
17945792
17856521
17959863
17998485
19056167
18015736
18054078
18928142
19208263
19246412
18662990
19085799
19129841
18587933
18831644
18873700
18598069
18760435
18790301
18702620
18731653
19701718
18719858
19514695
19783850
18739853
19214073
19624619
19891616
19095198
19323388
19571622
19061553
19202743
19431960
19144790
20110300
19311772
19764136
20195956
19285503
19627162
19874367
19300491
19508719
19735679
19318779
19475458
19614344
20466256
19492468
19586425
20146505
19530251
19999402
20649256
19675238
19877860
20324160
19691269
20159566
19873625
19833293
20035638
19885767
19848011
20002540
19898116
20987700
21012758
21037295
20663017
20686766
20710645
20519260
20543262
20567108
20394406
20417874
20443229
20360248
20384634
20409271
21365589
20395433
20419727
21039765
20406743
20430310
20898569
21545655
20583594
20782636
21226150
20595419
20749234
21081651
21727231
21749869
20955554
21399733
21422414
20920596
21251803
21275815
21096965
21945223
21143509
21590998
21091771
21115652
21074265
21097471
21057662
21082388
22161571
22183769
21807215
21829223
21635380
22604512
21681700
21501448
21523879
22218788
21473403
21496667
21901530
22466729
21744560
21529730
22140856
21675000
21973780
21572750
21824765
22671872
21772035
21755327
22342372
21778408
21768425
22202335
21795059
22871996
22072418
22917745
22541511
22043790
22593595
22400311
22056818
22445795
22272328
22070195
22320021
22246584
22272335
23213567
23235452
22273120
22879075
22898886
22272492
22725861
22746821
23386282
22586192
22605938
23050519
22558236
22578583
22898224
22733463
23578927
22622058
22707870
23256136
22631205
23696621
23099658
22759209
23359550
22958388
22756319
23204471
22928168
23862320
23062229
23902558
23525375
23031070
23564107
23366281
23026995
23406873
23225216
23022319
23263458
23192412
23148230
23231841
24163319
23142348
23226883
23824740
24241762
23220532
23663804
23902117
24319583
23521019
23742040
23978544
23488700
23598697
23819394
24463886
23576040
23753011
24194169
23639414
23722587
24033132
23633374
23717093
23889374
24726152
23708735
23858528
24385890
24187038
24821369
24838291
24042113
24480164
24497526
24009539
24317921
24322852
24002667
24173312
24190332
23992926
24142301
24160869
25083762
24703621
24151341
25138346
24527594
24777088
24160989
24394229
24600678
24346569
25267560
24469390
24905391
25322662
24440082
24730486
24978697
24428764
24783954
24401053
24632356
24506276
24587594
24478671
24568576
25567348
24555736
25602171
25223780
25009930
24840144
24775025
24727229
24665905
26095301
25743967
25363951
25665779
25168460
25313142
25015406
25146300
24967376
25026803
24939365
25917555
24892532
25142562
25574526
25064234
25110324
25393787
25051279
25242601
26072343
26090750
25711249
25228552
25744203
25531366
25546742
25231480
25395775
25413328
25205078
25367552
25383721
26292595
26308776
25369454
25935903
25949927
25337031
25767271
25782894
26423520
25632394
25648169
26069637
25604128
25626978
25908221
25595776
25781128
26610010
25591674
25751640
26248710
26672453
25735831
26080075
26311631
25700681
25940777
26142905
26784550
25912533
26003964
26424402
26846078
25975585
26253643
26484174
25957981
26108414
26315662
25925067
26085142
26184353
27018111
26079712
26153659
26641766
27058622
27067199
26456199
26681009
26689470
26294817
26495635
26504172
26253928
26333091
26343914
26220492
26294104
26303478
27195077
26260516
27215385
26818260
27233085
26834992
26634286
26855093
26652700
26473429
26670045
26492849
26433100
26512101
26451954
26397851
26472832
27361427
27369675
26437223
26981133
26990727
27408287
26798888
26811557
27031971
26646336
26656841
26851338
26605506
26684203
26633574
27519112
26653544
26598165
27138678
27556038
26627544
26955932
27176249
27591818
26799635
26993541
27213166
26756931
26839981
27035201
27663161
26800454
26879309
27282615
27699293
26837771
27100768
27320422
26842791
26988287
27179167
26871138
26942835
27020428
27830113
27834643
26976323
27446983
27453470
26937225
27261554
27268588
27890605
27103812
27112799
27512011
27059128
27066740
27324331
27019694
27955774
27170154
27970393
27575512
27124202
27591121
27389081
27083207
27403020
27233519
28077849
27300684
27267762
27733722
27284707
28147393
27547339
27242484
27770677
27391460
28182007
27583462
27343668
27807147
27428897
27302948
27620434
27380927
27457456
28248914
28254991
27411289
27874068
27879585
27368713
27685741
27691850
27523676
28310318
27538075
27475837
27936066
27489441
28349224
27754384
28359673
27981012
27603943
27992185
27793958
27557564
27806176
27639443
27513275
27653008
27598915
28456238
27621232
27563684
28086427
27578656
28488151
27896607
28499043
28118231
27744226
28130370
27928475
27693493
27941741
27777963
27650950
27789990
27726965
28571202
27739568
28194420
28587926
27694552
28005247
28219336
28612399
27852931
28236021
28037382
27815476
27891402
28066691
27770642
27844003
27919679
28690801
27798895
27868433
28321877
28715185
28126016
28725363
28344888
27984759
28370957
28170455
27939360
28180872
28021141
27894551
28032492
27969462
28805844
27982047
27924604
28437335
28829482
28833739
28248837
28461501
28466155
28099940
28271426
28277081
28049392
28124074
28129060
28002461
28072855
28078431
28911606
28526094
28030974
28928142
28340995
28553105
28948770
28198237
28368728
28575633
28147461
28221320
28389715
28101484
28170912
28244813
29005543
28186713
28627486
28136583
28436733
29033748
29037669
28291934
28661454
28665697
28240134
28475640
28481367
28193838
28331844
28336588
29093945
28279696
28715955
28519538
28231893
28369729
29127014
28313205
28748034
28259802
29633582
28564282
29159544
28415248
29167070
28785368
28363403
28794941
28601434
28315407
28609920
28459821
28391378
28469560
28406817
28342984
28417936
28418795
28365279
28365570
28432892
28438121
28381524
28387052
28454297
28457870
28402079
28406070
28473642
28477982
28420014
28425645
28493315
28497780
28444978
28449469
28518537
28523191
28465208
28469149
28536552
28542355
28484621
28488555
28556316
28559754
28503779
28507717
28574681
28579246
28521473
28526407
28594040
28597728
28539866
28543247
28612122
28616086
28558042
28561315
28629267
28634577
28575747
28579643
28647885
28651195
28593556
28597371
28665598
28667588
28609923
28597446
28682324
28686366
28611168
28614896
28700582
28704280
28707919
28711485
28714822
28719526
28723033
28726794
28730349
28733731
28738457
28742030
28745311
28748791
28752412
28756691
28824966
28765424
30123195
29647200
29264321
29061113
28917870
28854224
28795020
30156820
30158542
29683084
29690498
30180446
29309538
29316863
29110608
29117099
28973982
29728336
28985286
29348404
28925729
29160408
28876186
28943863
29018595
28888212
28958372
28900255
29499933
29272631
29089152
29009629
28950135
28889785
28933401
29345570
29144964
29049626
28987890
28927831
30322799
29842919
29459471
29262848
29109847
29045476
28994106