========== elapsed time (point query) ==========
Average latency per query: 18.270903 ms
median latency per query: 20.258583 ms
Collected 1000 measurements
========== single results =================
1862939
2108585
3427485
2824178
3810120
3121451
4018191
3298860
4211991
3466277
4346179
3596674
4480136
3725598
4598933
3845987
4718462
3968651
4841517
4082266
4955628
4198446
4836042
4319967
4946441
4432974
5058726
4548147
5174665
4661840
5287362
4760511
5373581
4845489
5454949
4926737
5535675
5010689
5619264
5091874
5707036
5180355
5795712
5269285
5878273
5351605
5881726
5455337
5974260
5542526
6056057
5623503
6138583
5707649
6230657
5799273
6312091
5883146
6397073
5965650
6479435
6048394
6563433
6141738
6658566
6228462
6741420
6314944
6827310
6397126
6909084
6478510
6991904
6563000
7074375
6643789
7155638
6739476
7253081
6824263
7335576
6905999
7420171
6990104
7501462
7070992
7581394
7153657
7664858
7234943
7744775
7314968
7830569
7401556
7912263
7482994
7992039
7565913
8074959
7646268
8157629
7729942
8303291
7892028
8401914
7973255
8482641
8056735
8565937
8137873
8647088
8221623
8745870
8322258
8830386
8404119
8911411
8486584
8996790
8570533
9077429
8650906
9160554
8736744
9243754
8820475
9335582
8977288
9505878
9084256
9590420
9165773
9674381
9250155
9755124
9329015
9833991
9411108
9916209
9490807
9994900
9569602
10075637
9652098
10166598
9742817
10247063
9825449
10329649
9898465
10410021
9979077
10492676
10061861
10573060
10141860
10655289
10227167
10738662
10308871
10819291
10388718
10901385
10471948
10982551
10553254
11064169
10636514
11147829
10718967
11229052
10800097
11311847
10883466
11394110
10965427
11475348
11048082
11558660
11130314
11640731
11209894
11724070
11294023
11806195
11375915
11887711
11458868
11970896
11540955
12052940
11623418
12136568
11708140
12218392
11789509
12300312
11874015
12384965
11962984
12473459
12045814
12565261
12139444
12648914
12222087
12731313
12306031
12815312
12388377
12901031
12474400
12984925
12560140
13066571
12642842
13149635
13719936
12777552
13282718
12859429
13071906
13408862
12986363
13486208
13525061
13108432
13153305
13650263
13234608
13732549
13772918
13360864
13401991
13899877
13485337
13981530
14019307
13612442
13661207
14152780
13744766
14237715
14279367
13873271
13913996
14403482
14449269
14041493
14084646
14573540
14614552
14211306
14257072
14748798
14346394
14837944
14421381
14896416
14477638
14951627
14532197
15008296
15035336
14618280
14645267
15117889
15145468
14728866
14755586
15226880
15252474
14838577
14864944
15335044
15360548
14945347
14972748
15441613
15467843
15054032
15079939
15549746
15134856
15602776
15627994
15214685
15241896
15771925
15800749
15395906
15421562
15896781
15477136
15950282
15528960
16001706
16027982
15568292
15587584
16107270
16131766
15668953
15695477
16213678
16238173
15773342
15799965
16316679
16340727
15878019
15902899
16417838
16442050
15980610
16005883
16517920
16543976
16084976
16109871
16618958
16643095
16187030
16211911
16719227
16742878
16286894
16312958
16819001
16842433
16388172
16412228
16917000
16940406
16444715
16466182
17013732
17038522
16542689
16566507
17111552
17134595
16640454
16665483
17209113
17232117
16738888
16765721
17307848
17330856
16838648
16862031
17411886
17434984
16943886
16969752
17508861
17534079
17045367
17069171
17605706
17628281
17142560
17166597
17701060
17723709
17237820
17263059
17809751
17831843
17347361
17370095
17902490
17924819
17443041
17473221
18004540
17524856
18053216
18074768
17594226
17617010
18148884
18175765
17698787
17721413
18245433
18270011
17798384
17821754
18343975
18365573
17898092
17921163
18441290
18462711
17992251
18015144
18532768
18553461
18079987
18100094
18615503
18635066
18163238
18182967
18695533
18716254
18243011
18262682
18776664
18795182
18324615
18344682
18857035
18875682
18404652
18425429
18936296
18955412
18486428
18505630
19013695
19036029
18566609
18587127
19092970
19113060
18647474
18666529
19170754
19188907
18726479
18745794
19248068
19265835
18803335
18824145
19324419
19342319
18881792
18900190
19399636
19418448
18960150
18978575
19474510
19493910
19038046
19057944
19551836
19569454
19115512
19134292
19626546
19644953
19191200
19210753
19702239
19720585
19268354
19286600
19777497
19794686
19344470
19362632
19849473
19868163
19419521
19437215
19922776
19474184
19958547
19975324
19529795
19547353
20028381
20046575
19603125
19621152
20100553
20116984
19677189
19695453
20172719
20189336
19749103
19768061
20243814
20260738
19821985
19839395
20314065
20330070
19895780
19912864
20381688
20399336
19966837
19984165
20451413
20467404
20037580
20503085
20072321
20537368
20107081
20571763
20143773
20606076
20177195
20675799
20258583
20721764
20296105
20756361
21541627
20738757
20346419
20826527
20401268
20859411
20436569
20281078
20476517
20927446
20503596
20354671
20366489
21008517
21025269
20603901
20621554
20467379
20483328
21109752
21125057
20707551
20743698
20587889
20603373
21227178
21243636
20825527
20840775
20685169
20700232
21324383
21339068
20921603
20936710
20780830
20797328
21417504
21431348
21015241
21030341
20876615
20892458
21510049
21524055
21109782
21128011
20973383
20988210
21603558
21617092
21205513
21220677
21065380
21080156
21693637
21708234
21297661
21142405
21752990
21341824
21187919
21798810
21388481
21240463
21850292
21442755
21287725
21895382
21486839
21331254
21939375
21532303
21376549
21979249
21579071
21590080
21435403
21453298
22051577
22064310
21663479
21677690
21522713
21536207
22135166
22149027
21749869
21763187
21616148
21634527
22233556
22246698
21848136
21861604
21707062
22303232
21736606
21919282
21763410
21939548
21786845
21968894
21814052
21995008
22015078
21854674
21873687
22049471
22062259
21908757
21922965
22104491
22117428
21963716
21976377
22158099
22171781
22018142
22031665
22211152
22225005
22071654
22085200
22264934
22277566
22125258
22138050
22316848
22162403
22341155
22188935
22368198
22214141
22392446
22406450
22252369
22266964
22443985
22290052
22468563
22482686
22330260
22341864
22519644
22531303
22378998
22391798
22570287
22581753
22428876
22442264
22620428
22632552
22479380
22490625
22720877
22734804
22581816
22593403
22770317
22782998
22631594
22643238
22819585
22830515
22679841
22692611
22868730
22879915
22727263
22741101
22917757
22928982
22776842
22787764
22964873
22976678
22824370
22835700
23010767
23023091
22871306
22882036
23058083
23068890
22918271
22929835
23104583
23115082
22963162
22975361
23150344
23161658
23010135
23020706
23196435
23207550
23055942
23066518
23250755
23263107
23112597
23122992
23295948
23305976
23155602
23329248
23177426
23350811
23198880
23373596
23222499
23395437
23243255
23415649
23265847
23280457
23450385
23298436
23482500
23501297
23349348
23357324
23526812
23534799
23382865
23390930
23559946
23567020
23413815
23423107
23592148
23599207
23445836
23452686
23625784
23633420
23484325
23491430
23659522
23668505
23515850
23523073
23691054
23697919
23546485
23554218
23722101
23728948
23576119
23585296
23753899
23767003
23618399
23625080
23793675
23801011
23648359
23654957
23821780
23829850
23677480
23684265
23851729
23858436
23707700
23714659
23881305
23887815
23735517
23743677
23910800
23917362
23765380
23771917
23939504
23946656
23794776
23801018
23967065
23975259
23823555
23989177
23995630
24002020
24009933
24016857
24023660
24030739
24037454
24045408
24052142
24058416
24064752
24071099
24078816
24085874
24092575
24099044
24104927
24112975
24119670
24125863
24132274
24138799
24146496
24153245
24159759
24165935
24171869
24179778
24186584
24192929
24198707
24204669
24212619
24219317
24225373
24231549
24237329
24244818
24251496
24257801
24263709
24269596
24277069
24283813
24289947
24295987
24301687
24308898
24315500
24321512
24327322
24333362
24340456
24347080
24352924
24358746
24364633
24371871
24378252
24383910
24389956
24395840
24402754
24409019
24415129
24420910
24426209
24433624
24439929
24445642
24451161
24457010
24463858
24469821
24475580
24481414
24486810
24494051
24500325
24506660
24512308
24555912
24563316
24568786
24574042
24578842
24583939
24590669
24596683
24601434
24606711
24611605
24617720
24622950
24628126
24633175
24638867
24645181
24659316
24664555
24669139
24673799
24679945
24689017
24694895
24699314
24703946
24710408
24715274
24720030
24724639
24729314
24735335
24740457
24745219
24750092
24754907
24760789
24765867
24770276
24774853
24780022
24785954
24791014
24795701
24800331
24804919
24810750
24815818
24820366
24825022
24829733
24835482
24840302
24845091
24854652
24859124
24864845
24869254
24873261
24877470
24881665
24887203
24891702
24895760
24899641
24903466
24908711
24913009
24917032
24920857
24924748
24930118
24934625
24938903
24943021
24946978
24952377
24955932
24959838
24963858
24967940
24972939
24977139
24963876
24985078
25163415
24996298
26366240
25557260
25156939
24992774
26393032
25583211
25186133
25021854
26726290
25615775
25209364
25043878
26439629
25628984
25226038
25061210
26450749
26458153
25645563
25654139
25250467
25256134
25090176
25095695
26493028
25682796
25279918
25115556
26507177
25698255
25296798
25138205